2 0.48947368421052634 0.8875570776255708 0.05263157894736842 0.03995433789954338
2 0.6849624060150376 0.7106164383561644 0.0406015037593985 0.033105022831050226
2 0.5669172932330827 0.8761415525114156 0.05413533834586466 0.030821917808219176
2 0.6548872180451127 0.478310502283105 0.04962406015037594 0.03424657534246575
2 0.24285714285714285 0.6426940639269406 0.0406015037593985 0.02511415525114155
0 0.6165413533834586 0.6015981735159818 0.02706766917293233 0.02054794520547945
2 0.2714285714285714 0.21232876712328766 0.04360902255639098 0.0319634703196347
0 0.4120300751879699 0.2557077625570776 0.03609022556390978 0.0228310502283105
2 0.36390977443609024 0.2243150684931507 0.039097744360902256 0.019406392694063926
2 0.6481203007518797 0.3213470319634703 0.045112781954887216 0.019406392694063926
0 0.4992481203007519 0.6038812785388128 0.03609022556390978 0.02511415525114155
2 0.5330827067669173 0.5005707762557078 0.0406015037593985 0.021689497716894976
