2 0.4947526236881559 0.6036240090600227 0.041979010494752625 0.020385050962627407
0 0.4775112443778111 0.6585503963759909 0.025487256371814093 0.01925254813137033
2 0.5314842578710645 0.7066817667044167 0.043478260869565216 0.027180067950169876
2 0.6979010494752623 0.19252548131370328 0.031484257871064465 0.031710079275198186
0 0.4715142428785607 0.5753114382785957 0.043478260869565216 0.02491506228765572
0 0.7631184407796102 0.4722536806342016 0.020989505247376312 0.013590033975084938
2 0.3778110944527736 0.44620611551528877 0.014992503748125937 0.011325028312570781
0 0.4505247376311844 0.49037372593431483 0.022488755622188907 0.011325028312570781
2 0.47301349325337333 0.5317100792751982 0.01649175412293853 0.01245753114382786
0 0.7166416791604198 0.27746319365798416 0.020989505247376312 0.011325028312570781
