2 0.5948051948051948 0.539447731755424 0.02077922077922078 0.02564102564102564
2 0.4863636363636364 0.7337278106508875 0.014285714285714285 0.03155818540433925
2 0.38636363636363635 0.4832347140039448 0.01948051948051948 0.023668639053254437
2 0.4025974025974026 0.5907297830374754 0.015584415584415584 0.02564102564102564
2 0.3961038961038961 0.5128205128205128 0.015584415584415584 0.015779092702169626
2 0.6168831168831169 0.514792899408284 0.015584415584415584 0.01972386587771203
2 0.5292207792207793 0.7159763313609467 0.011688311688311689 0.03550295857988166
2 0.39545454545454545 0.5315581854043393 0.016883116883116882 0.013806706114398421
2 0.5954545454545455 0.6469428007889546 0.014285714285714285 0.023668639053254437
2 0.5902597402597403 0.6134122287968442 0.016883116883116882 0.023668639053254437
2 0.4577922077922078 0.727810650887574 0.014285714285714285 0.01972386587771203
2 0.38766233766233765 0.46055226824457596 0.011688311688311689 0.013806706114398421
2 0.5584415584415584 0.5887573964497042 0.012987012987012988 0.01775147928994083
2 0.5441558441558442 0.7149901380670611 0.01038961038961039 0.021696252465483234
2 0.548051948051948 0.6824457593688363 0.012987012987012988 0.015779092702169626
2 0.6448051948051948 0.5069033530571992 0.011688311688311689 0.015779092702169626
2 0.4409090909090909 0.6410256410256411 0.011688311688311689 0.015779092702169626
2 0.40974025974025974 0.6232741617357002 0.014285714285714285 0.01972386587771203
2 0.5415584415584416 0.40236686390532544 0.012987012987012988 0.01972386587771203
2 0.5967532467532467 0.5710059171597633 0.011688311688311689 0.01775147928994083
2 0.4551948051948052 0.13806706114398423 0.014285714285714285 0.01972386587771203
2 0.5584415584415584 0.650887573964497 0.012987012987012988 0.01972386587771203
