0 0.6611328125 0.626953125 0.021484375 0.0234375
0 0.3955078125 0.27734375 0.013671875 0.01953125
0 0.59375 0.2734375 0.01171875 0.01171875
0 0.5673828125 0.2978515625 0.009765625 0.013671875
0 0.4189453125 0.2666015625 0.013671875 0.017578125
2 0.6806640625 0.650390625 0.017578125 0.015625
2 0.3720703125 0.6748046875 0.013671875 0.013671875
2 0.3662109375 0.806640625 0.009765625 0.01171875
2 0.619140625 0.806640625 0.0078125 0.01171875
2 0.6533203125 0.6513671875 0.013671875 0.013671875
2 0.41796875 0.5966796875 0.01171875 0.009765625
2 0.564453125 0.68359375 0.01171875 0.01171875
2 0.4990234375 0.341796875 0.009765625 0.0078125
2 0.494140625 0.30859375 0.015625 0.0234375
2 0.4013671875 0.33203125 0.029296875 0.01953125
