2 0.662109375 0.8388671875 0.0234375 0.021484375
2 0.6484375 0.818359375 0.0234375 0.02734375
0 0.6201171875 0.7890625 0.017578125 0.015625
0 0.654296875 0.3408203125 0.0234375 0.021484375
2 0.61328125 0.6494140625 0.01953125 0.013671875
0 0.5947265625 0.353515625 0.013671875 0.0078125
0 0.5927734375 0.341796875 0.013671875 0.01171875
2 0.6044921875 0.2919921875 0.013671875 0.013671875
2 0.7021484375 0.720703125 0.013671875 0.015625
2 0.7783203125 0.748046875 0.009765625 0.01171875
2 0.4658203125 0.5634765625 0.009765625 0.009765625
0 0.5380859375 0.5888671875 0.013671875 0.009765625
2 0.7626953125 0.6923828125 0.013671875 0.017578125
0 0.5732421875 0.796875 0.013671875 0.015625
2 0.7353515625 0.8876953125 0.013671875 0.013671875
2 0.68359375 0.865234375 0.01171875 0.01171875
