2 0.6044921875 0.6826171875 0.017578125 0.017578125
2 0.6630859375 0.6845703125 0.017578125 0.025390625
2 0.6044921875 0.712890625 0.029296875 0.02734375
0 0.591796875 0.80078125 0.03125 0.01953125
2 0.626953125 0.603515625 0.0234375 0.0234375
2 0.505859375 0.3076171875 0.015625 0.017578125
2 0.755859375 0.6474609375 0.01953125 0.017578125
2 0.74609375 0.6328125 0.015625 0.01953125
2 0.6025390625 0.23828125 0.017578125 0.015625
2 0.5810546875 0.193359375 0.025390625 0.015625
0 0.70703125 0.3154296875 0.015625 0.017578125
