0 0.478515625 0.7626953125 0.03515625 0.025390625
2 0.3359375 0.767578125 0.0390625 0.02734375
0 0.3935546875 0.7958984375 0.033203125 0.037109375
2 0.654296875 0.7421875 0.02734375 0.03125
2 0.681640625 0.78515625 0.015625 0.02734375
2 0.34375 0.61328125 0.01953125 0.01953125
2 0.634765625 0.6494140625 0.015625 0.013671875
2 0.6416015625 0.587890625 0.013671875 0.015625
2 0.5185546875 0.3359375 0.021484375 0.01953125
2 0.287109375 0.6103515625 0.01953125 0.025390625
2 0.650390625 0.541015625 0.015625 0.015625
2 0.5908203125 0.548828125 0.017578125 0.015625
2 0.6171875 0.5380859375 0.01953125 0.013671875
2 0.583984375 0.5322265625 0.01953125 0.013671875
2 0.3154296875 0.7412109375 0.013671875 0.017578125
2 0.5986328125 0.8056640625 0.017578125 0.013671875
