2 0.2978515625 0.615234375 0.033203125 0.03125
0 0.416015625 0.8798828125 0.03515625 0.033203125
2 0.705078125 0.6611328125 0.03515625 0.025390625
2 0.26953125 0.6796875 0.03515625 0.04296875
2 0.3623046875 0.8291015625 0.037109375 0.044921875
2 0.7392578125 0.5673828125 0.025390625 0.037109375
2 0.744140625 0.6884765625 0.015625 0.021484375
1 0.5302734375 0.3857421875 0.025390625 0.029296875
1 0.5 0.3955078125 0.0390625 0.025390625
1 0.5234375 0.42578125 0.0234375 0.01953125
2 0.73828125 0.734375 0.01953125 0.01953125
2 0.625 0.5947265625 0.01953125 0.021484375
2 0.5107421875 0.2685546875 0.021484375 0.017578125
2 0.3232421875 0.7841796875 0.017578125 0.017578125
