2 0.6396484375 0.3681640625 0.033203125 0.033203125
0 0.349609375 0.669921875 0.0234375 0.01953125
0 0.482421875 0.8466796875 0.02734375 0.021484375
0 0.7041015625 0.66796875 0.033203125 0.02734375
0 0.4599609375 0.443359375 0.021484375 0.015625
0 0.52734375 0.4267578125 0.0390625 0.029296875
0 0.48828125 0.4326171875 0.03125 0.021484375
2 0.28515625 0.7763671875 0.0234375 0.029296875
2 0.3154296875 0.3173828125 0.021484375 0.017578125
2 0.6181640625 0.28125 0.013671875 0.015625
2 0.494140625 0.689453125 0.01953125 0.015625
2 0.2646484375 0.607421875 0.017578125 0.015625
0 0.375 0.3046875 0.015625 0.015625
