2 0.7021484375 0.5849609375 0.017578125 0.029296875
0 0.3583984375 0.2978515625 0.029296875 0.029296875
2 0.4326171875 0.2685546875 0.021484375 0.021484375
2 0.3447265625 0.662109375 0.025390625 0.0234375
2 0.6640625 0.6572265625 0.03125 0.029296875
0 0.490234375 0.3076171875 0.015625 0.013671875
2 0.5849609375 0.3232421875 0.029296875 0.017578125
2 0.4208984375 0.8125 0.017578125 0.015625
0 0.453125 0.357421875 0.01953125 0.01953125
2 0.6162109375 0.3427734375 0.021484375 0.017578125
2 0.322265625 0.2939453125 0.015625 0.017578125
