0 0.3115234375 0.7685546875 0.025390625 0.033203125
0 0.732421875 0.5400390625 0.02734375 0.025390625
2 0.6572265625 0.884765625 0.021484375 0.03125
2 0.6171875 0.1875 0.03125 0.03125
2 0.74609375 0.4765625 0.02734375 0.015625
2 0.3681640625 0.767578125 0.021484375 0.03125
2 0.4765625 0.890625 0.01171875 0.015625
2 0.404296875 0.8251953125 0.01953125 0.017578125
2 0.546875 0.89453125 0.0234375 0.01953125
2 0.2255859375 0.59765625 0.021484375 0.01953125
2 0.2236328125 0.4130859375 0.021484375 0.017578125
2 0.638671875 0.8349609375 0.015625 0.013671875
2 0.236328125 0.5380859375 0.01953125 0.017578125
2 0.3349609375 0.33984375 0.013671875 0.015625
2 0.3876953125 0.29296875 0.017578125 0.015625
2 0.49609375 0.2265625 0.015625 0.015625
