0 0.5439453125 0.40625 0.025390625 0.03515625
2 0.5087890625 0.900390625 0.017578125 0.0234375
2 0.4326171875 0.8798828125 0.025390625 0.029296875
2 0.7080078125 0.662109375 0.025390625 0.03125
2 0.2744140625 0.6357421875 0.025390625 0.033203125
2 0.521484375 0.880859375 0.01953125 0.01953125
2 0.58984375 0.837890625 0.0234375 0.01953125
2 0.740234375 0.5908203125 0.01953125 0.017578125
2 0.3115234375 0.7431640625 0.017578125 0.017578125
2 0.646484375 0.662109375 0.015625 0.015625
2 0.3818359375 0.810546875 0.025390625 0.015625
2 0.2353515625 0.537109375 0.017578125 0.01953125
2 0.43359375 0.8408203125 0.0234375 0.017578125
2 0.2578125 0.5927734375 0.01953125 0.021484375
