0 0.482421875 0.33984375 0.015625 0.015625
2 0.3671875 0.7802734375 0.0234375 0.017578125
2 0.451171875 0.91796875 0.03125 0.0234375
2 0.4111328125 0.865234375 0.013671875 0.015625
2 0.583984375 0.2822265625 0.015625 0.017578125
2 0.326171875 0.728515625 0.01953125 0.015625
2 0.29296875 0.7099609375 0.015625 0.013671875
2 0.3408203125 0.7216796875 0.009765625 0.013671875
2 0.458984375 0.3203125 0.01953125 0.015625
0 0.427734375 0.361328125 0.01953125 0.015625
2 0.595703125 0.6103515625 0.0078125 0.013671875
2 0.716796875 0.5244140625 0.015625 0.013671875
2 0.2763671875 0.619140625 0.017578125 0.01953125
2 0.63671875 0.5771484375 0.015625 0.013671875
2 0.6533203125 0.3193359375 0.013671875 0.013671875
