0 0.76171875 0.49609375 0.02734375 0.0234375
0 0.771484375 0.60546875 0.03515625 0.02734375
0 0.7587890625 0.6455078125 0.021484375 0.021484375
2 0.4833984375 0.291015625 0.021484375 0.015625
0 0.482421875 0.2197265625 0.01171875 0.017578125
0 0.654296875 0.322265625 0.01171875 0.01171875
0 0.7666015625 0.3828125 0.017578125 0.015625
0 0.6826171875 0.2919921875 0.017578125 0.013671875
0 0.7294921875 0.7880859375 0.013671875 0.013671875
2 0.7255859375 0.353515625 0.021484375 0.015625
0 0.544921875 0.2001953125 0.015625 0.017578125
0 0.4677734375 0.1884765625 0.021484375 0.017578125
0 0.6767578125 0.84375 0.013671875 0.015625
0 0.6669921875 0.8564453125 0.013671875 0.013671875
