2 0.6806640625 0.53515625 0.021484375 0.01953125
2 0.4423828125 0.52734375 0.021484375 0.015625
2 0.490234375 0.4736328125 0.015625 0.013671875
2 0.3486328125 0.5380859375 0.017578125 0.017578125
2 0.4111328125 0.533203125 0.013671875 0.0078125
2 0.5068359375 0.505859375 0.017578125 0.01171875
2 0.46875 0.5419921875 0.01953125 0.013671875
2 0.5224609375 0.521484375 0.017578125 0.015625
2 0.6435546875 0.556640625 0.017578125 0.015625
2 0.5712890625 0.3935546875 0.021484375 0.013671875
2 0.2294921875 0.4052734375 0.013671875 0.013671875
2 0.5703125 0.3740234375 0.01171875 0.009765625
2 0.287109375 0.59765625 0.02734375 0.02734375
