2 0.16015625 0.8388671875 0.03125 0.021484375
2 0.1328125 0.806640625 0.03125 0.02734375
2 0.34375 0.6103515625 0.03515625 0.029296875
0 0.2373046875 0.759765625 0.037109375 0.03515625
2 0.208984375 0.5078125 0.0234375 0.02734375
1 0.28125 0.6591796875 0.02734375 0.025390625
2 0.4013671875 0.6767578125 0.025390625 0.025390625
2 0.177734375 0.759765625 0.02734375 0.03125
0 0.2412109375 0.56640625 0.029296875 0.02734375
1 0.287109375 0.6162109375 0.0546875 0.044921875
1 0.318359375 0.6748046875 0.01953125 0.013671875
2 0.4267578125 0.337890625 0.013671875 0.01171875
1 0.236328125 0.619140625 0.01953125 0.01953125
1 0.365234375 0.70703125 0.015625 0.01171875
