0 0.3564453125 0.771484375 0.037109375 0.03125
0 0.408203125 0.34765625 0.02734375 0.01953125
0 0.48046875 0.4365234375 0.01953125 0.025390625
0 0.5771484375 0.3310546875 0.021484375 0.029296875
2 0.677734375 0.6201171875 0.01953125 0.017578125
2 0.712890625 0.56640625 0.01953125 0.015625
0 0.4072265625 0.845703125 0.017578125 0.01953125
0 0.421875 0.880859375 0.015625 0.01953125
2 0.591796875 0.2431640625 0.015625 0.017578125
2 0.6005859375 0.341796875 0.021484375 0.015625
0 0.3818359375 0.2548828125 0.017578125 0.021484375
