2 0.7578125 0.6875 0.02734375 0.0234375
0 0.4443359375 0.4033203125 0.021484375 0.025390625
2 0.3623046875 0.375 0.029296875 0.01953125
2 0.76953125 0.4970703125 0.02734375 0.025390625
2 0.353515625 0.2548828125 0.0234375 0.021484375
2 0.2919921875 0.6943359375 0.017578125 0.021484375
2 0.8037109375 0.634765625 0.013671875 0.015625
2 0.8134765625 0.6044921875 0.017578125 0.017578125
2 0.7841796875 0.5322265625 0.021484375 0.017578125
2 0.8134765625 0.56640625 0.025390625 0.0234375
2 0.6708984375 0.27734375 0.029296875 0.0390625
