0 0.541015625 0.283203125 0.0390625 0.03515625
2 0.3603515625 0.2060546875 0.033203125 0.029296875
0 0.4443359375 0.841796875 0.033203125 0.02734375
2 0.3623046875 0.76953125 0.033203125 0.02734375
2 0.3837890625 0.828125 0.041015625 0.03125
2 0.361328125 0.7958984375 0.03125 0.021484375
2 0.6416015625 0.7998046875 0.037109375 0.033203125
2 0.5947265625 0.865234375 0.021484375 0.0234375
0 0.3857421875 0.5791015625 0.029296875 0.025390625
0 0.5400390625 0.197265625 0.025390625 0.0234375
2 0.5458984375 0.322265625 0.017578125 0.01171875
0 0.59375 0.23828125 0.015625 0.01171875
2 0.44921875 0.646484375 0.01953125 0.015625
0 0.494140625 0.2958984375 0.015625 0.013671875
