2 0.5771484375 0.9150390625 0.037109375 0.041015625
1 0.4736328125 0.4189453125 0.025390625 0.029296875
0 0.52734375 0.3232421875 0.02734375 0.025390625
2 0.5234375 0.3974609375 0.02734375 0.025390625
0 0.3408203125 0.6220703125 0.025390625 0.017578125
2 0.36328125 0.748046875 0.01953125 0.0234375
2 0.560546875 0.3427734375 0.01953125 0.025390625
0 0.4443359375 0.2822265625 0.017578125 0.021484375
0 0.4677734375 0.3076171875 0.017578125 0.021484375
0 0.421875 0.357421875 0.01953125 0.01171875
0 0.341796875 0.5751953125 0.015625 0.009765625
2 0.5458984375 0.611328125 0.013671875 0.01171875
