1 0.4423828125 0.341796875 0.017578125 0.02734375
0 0.482421875 0.283203125 0.0234375 0.01953125
0 0.494140625 0.2607421875 0.02734375 0.017578125
2 0.3447265625 0.5771484375 0.029296875 0.033203125
2 0.40234375 0.5810546875 0.015625 0.013671875
2 0.529296875 0.4375 0.01953125 0.015625
0 0.560546875 0.3994140625 0.015625 0.017578125
0 0.5263671875 0.2978515625 0.013671875 0.013671875
0 0.494140625 0.32421875 0.01171875 0.015625
2 0.51171875 0.2763671875 0.015625 0.017578125
2 0.474609375 0.3740234375 0.015625 0.013671875
2 0.48046875 0.35546875 0.015625 0.01171875
