2 0.42440944881889764 0.24322732626619553 0.011023622047244094 0.024734982332155476
2 0.44330708661417323 0.2249705535924617 0.009448818897637795 0.016489988221436984
0 0.4744094488188976 0.25382803297997647 0.013385826771653543 0.0176678445229682
0 0.43700787401574803 0.31566548881036516 0.011023622047244094 0.014134275618374558
2 0.4248031496062992 0.29799764428739695 0.010236220472440945 0.02120141342756184
0 0.518503937007874 0.29917550058892817 0.011811023622047244 0.02120141342756184
2 0.5098425196850394 0.23792697290930506 0.013385826771653543 0.02120141342756184
0 0.4700787401574803 0.3297997644287397 0.009448818897637795 0.014134275618374558
0 0.5322834645669291 0.3003533568904594 0.009448818897637795 0.014134275618374558
2 0.5200787401574803 0.2744405182567727 0.014960629921259842 0.01884570082449941
0 0.4830708661417323 0.29858657243816256 0.014960629921259842 0.02944640753828033
0 0.5062992125984253 0.2773851590106007 0.012598425196850394 0.024734982332155476
2 0.47755905511811025 0.22732626619552415 0.010236220472440945 0.014134275618374558
2 0.4468503937007874 0.25500588928150764 0.010236220472440945 0.020023557126030624
2 0.5051181102362204 0.31507656065959955 0.008661417322834646 0.020023557126030624
2 0.44921259842519684 0.29740871613663133 0.008661417322834646 0.0176678445229682
2 0.5334645669291339 0.2826855123674912 0.011811023622047244 0.02120141342756184
