0 0.314453125 0.7119140625 0.0234375 0.025390625
1 0.4736328125 0.3076171875 0.029296875 0.021484375
1 0.2548828125 0.4384765625 0.025390625 0.017578125
0 0.466796875 0.3525390625 0.0234375 0.021484375
2 0.625 0.29296875 0.015625 0.015625
2 0.564453125 0.318359375 0.03125 0.02734375
2 0.4375 0.87890625 0.02734375 0.0234375
2 0.5595703125 0.826171875 0.021484375 0.0234375
2 0.6767578125 0.5810546875 0.025390625 0.017578125
2 0.6318359375 0.5556640625 0.021484375 0.021484375
0 0.5439453125 0.5458984375 0.017578125 0.017578125
2 0.208984375 0.3974609375 0.01171875 0.013671875
0 0.248046875 0.359375 0.015625 0.015625
0 0.4306640625 0.3505859375 0.021484375 0.013671875
