0 0.6357421875 0.607421875 0.025390625 0.02734375
1 0.3916015625 0.8017578125 0.033203125 0.029296875
1 0.3583984375 0.8173828125 0.037109375 0.033203125
1 0.556640625 0.802734375 0.02734375 0.0234375
2 0.322265625 0.6953125 0.02734375 0.0234375
1 0.306640625 0.7734375 0.02734375 0.02734375
0 0.5 0.8388671875 0.0234375 0.021484375
0 0.458984375 0.833984375 0.0234375 0.01953125
2 0.3876953125 0.6181640625 0.021484375 0.021484375
2 0.6328125 0.5322265625 0.015625 0.013671875
2 0.5361328125 0.4716796875 0.021484375 0.017578125
2 0.46484375 0.515625 0.01171875 0.01171875
2 0.3154296875 0.7998046875 0.025390625 0.025390625
