2 0.359375 0.779296875 0.02734375 0.0234375
2 0.3828125 0.8017578125 0.0234375 0.017578125
2 0.3359375 0.8125 0.01953125 0.01953125
2 0.4501953125 0.8193359375 0.029296875 0.021484375
2 0.400390625 0.8291015625 0.0234375 0.029296875
2 0.5986328125 0.8330078125 0.041015625 0.029296875
1 0.6669921875 0.6357421875 0.041015625 0.033203125
2 0.3095703125 0.6025390625 0.044921875 0.025390625
2 0.2763671875 0.6123046875 0.017578125 0.017578125
0 0.34765625 0.5830078125 0.01953125 0.021484375
2 0.2490234375 0.5693359375 0.017578125 0.021484375
0 0.6591796875 0.6787109375 0.029296875 0.029296875
0 0.486328125 0.388671875 0.015625 0.015625
0 0.3623046875 0.6201171875 0.017578125 0.017578125
2 0.6650390625 0.212890625 0.029296875 0.03125
2 0.740234375 0.556640625 0.0234375 0.02734375
2 0.5517578125 0.80078125 0.029296875 0.0234375
2 0.291015625 0.66015625 0.0390625 0.03125
2 0.25 0.4013671875 0.0234375 0.025390625
2 0.4228515625 0.7998046875 0.021484375 0.021484375
