1 0.658203125 0.2626953125 0.02734375 0.025390625
1 0.576171875 0.2890625 0.0234375 0.015625
2 0.537109375 0.232421875 0.0234375 0.01953125
2 0.3681640625 0.59765625 0.017578125 0.0234375
2 0.51953125 0.4951171875 0.0234375 0.021484375
2 0.427734375 0.3173828125 0.0234375 0.025390625
2 0.4462890625 0.2685546875 0.017578125 0.025390625
0 0.3759765625 0.31640625 0.025390625 0.0234375
2 0.32421875 0.2919921875 0.0234375 0.021484375
2 0.7197265625 0.3759765625 0.025390625 0.021484375
2 0.556640625 0.2919921875 0.015625 0.017578125
2 0.7744140625 0.9609375 0.021484375 0.015625
