0 0.55859375 0.359375 0.02734375 0.02734375
0 0.5224609375 0.3408203125 0.029296875 0.025390625
0 0.6962890625 0.3447265625 0.017578125 0.017578125
0 0.7841796875 0.5419921875 0.029296875 0.021484375
0 0.5576171875 0.853515625 0.021484375 0.0234375
0 0.3837890625 0.361328125 0.021484375 0.015625
0 0.505859375 0.3173828125 0.0234375 0.013671875
0 0.6728515625 0.294921875 0.021484375 0.01171875
0 0.41796875 0.283203125 0.01953125 0.01171875
0 0.599609375 0.3447265625 0.015625 0.013671875
0 0.5234375 0.28515625 0.01953125 0.015625
0 0.5341796875 0.3701171875 0.017578125 0.017578125
0 0.3583984375 0.580078125 0.017578125 0.015625
