1 0.5087890625 0.4267578125 0.033203125 0.033203125
2 0.4912109375 0.341796875 0.029296875 0.02734375
1 0.5390625 0.3212890625 0.0390625 0.044921875
1 0.47265625 0.4228515625 0.03125 0.025390625
0 0.5693359375 0.8828125 0.025390625 0.0234375
0 0.630859375 0.84765625 0.0234375 0.0234375
1 0.3857421875 0.90234375 0.025390625 0.02734375
2 0.4521484375 0.2646484375 0.025390625 0.021484375
2 0.458984375 0.322265625 0.0234375 0.02734375
0 0.7724609375 0.8896484375 0.029296875 0.029296875
2 0.4921875 0.267578125 0.02734375 0.0234375
