2 0.6630859375 0.642578125 0.044921875 0.0234375
2 0.5048828125 0.59765625 0.041015625 0.02734375
2 0.5126953125 0.630859375 0.044921875 0.0390625
2 0.7236328125 0.6064453125 0.041015625 0.025390625
2 0.736328125 0.6650390625 0.04296875 0.029296875
2 0.68359375 0.7548828125 0.03125 0.029296875
2 0.486328125 0.6728515625 0.03515625 0.017578125
2 0.5751953125 0.71875 0.033203125 0.01953125
2 0.650390625 0.78515625 0.04296875 0.0234375
2 0.359375 0.5263671875 0.03515625 0.033203125
2 0.6201171875 0.5595703125 0.041015625 0.033203125
2 0.5146484375 0.5634765625 0.037109375 0.029296875
2 0.4853515625 0.5302734375 0.041015625 0.029296875
