2 0.470703125 0.3427734375 0.04296875 0.021484375
2 0.5771484375 0.376953125 0.037109375 0.03125
2 0.7060546875 0.62890625 0.037109375 0.03125
2 0.7021484375 0.7041015625 0.044921875 0.033203125
2 0.767578125 0.6484375 0.03125 0.02734375
2 0.828125 0.6826171875 0.046875 0.033203125
2 0.8134765625 0.634765625 0.056640625 0.05078125
2 0.5908203125 0.7939453125 0.037109375 0.033203125
2 0.6513671875 0.798828125 0.056640625 0.04296875
2 0.6064453125 0.62109375 0.037109375 0.0390625
2 0.6015625 0.68359375 0.046875 0.03125
2 0.4404296875 0.244140625 0.033203125 0.0390625
2 0.390625 0.2099609375 0.046875 0.041015625
