0 0.5380859375 0.5517578125 0.041015625 0.037109375
2 0.7724609375 0.6240234375 0.044921875 0.041015625
2 0.7421875 0.5869140625 0.0390625 0.037109375
2 0.8271484375 0.6357421875 0.041015625 0.044921875
2 0.802734375 0.6005859375 0.03125 0.033203125
2 0.6806640625 0.626953125 0.044921875 0.03515625
2 0.5263671875 0.939453125 0.044921875 0.03125
2 0.4677734375 0.916015625 0.037109375 0.02734375
2 0.505859375 0.916015625 0.03125 0.02734375
2 0.841796875 0.560546875 0.02734375 0.03515625
2 0.8671875 0.5693359375 0.0390625 0.037109375
2 0.34765625 0.5576171875 0.0390625 0.037109375
0 0.34375 0.748046875 0.03515625 0.02734375
0 0.404296875 0.9111328125 0.03125 0.025390625
