2 0.314453125 0.6669921875 0.03515625 0.029296875
2 0.275390625 0.67578125 0.03125 0.0390625
2 0.3037109375 0.7001953125 0.033203125 0.025390625
2 0.2587890625 0.646484375 0.029296875 0.02734375
2 0.248046875 0.5576171875 0.02734375 0.033203125
2 0.2197265625 0.5634765625 0.025390625 0.033203125
2 0.1962890625 0.5888671875 0.033203125 0.037109375
2 0.591796875 0.3212890625 0.0390625 0.029296875
2 0.39453125 0.3671875 0.03515625 0.01953125
2 0.4677734375 0.3515625 0.044921875 0.0390625
2 0.4814453125 0.40625 0.044921875 0.0234375
