0 0.41796875 0.2705078125 0.03125 0.025390625
0 0.43359375 0.3037109375 0.04296875 0.025390625
0 0.5048828125 0.2900390625 0.037109375 0.025390625
0 0.4931640625 0.328125 0.052734375 0.03125
0 0.4228515625 0.3564453125 0.041015625 0.029296875
0 0.5517578125 0.8466796875 0.029296875 0.025390625
0 0.4873046875 0.419921875 0.033203125 0.02734375
0 0.3720703125 0.35546875 0.041015625 0.0234375
0 0.3330078125 0.3564453125 0.029296875 0.025390625
0 0.390625 0.2998046875 0.0390625 0.029296875
2 0.318359375 0.697265625 0.0234375 0.02734375
2 0.3291015625 0.7783203125 0.037109375 0.025390625
0 0.3994140625 0.5966796875 0.029296875 0.025390625
