2 0.4130859375 0.2919921875 0.029296875 0.033203125
0 0.384765625 0.30859375 0.01953125 0.01953125
0 0.6591796875 0.58984375 0.033203125 0.01953125
2 0.3193359375 0.779296875 0.029296875 0.02734375
1 0.548828125 0.84375 0.03125 0.03125
1 0.51953125 0.8681640625 0.02734375 0.041015625
2 0.734375 0.7236328125 0.03515625 0.033203125
0 0.6953125 0.71484375 0.02734375 0.02734375
0 0.6025390625 0.625 0.021484375 0.03125
0 0.443359375 0.6796875 0.04296875 0.0234375
0 0.7666015625 0.6318359375 0.025390625 0.021484375
0 0.705078125 0.6337890625 0.03515625 0.029296875
0 0.4306640625 0.908203125 0.033203125 0.02734375
0 0.36328125 0.814453125 0.03125 0.02734375
0 0.4990234375 0.900390625 0.025390625 0.02734375
