1 0.2109375 0.419921875 0.0234375 0.01953125
0 0.224609375 0.4560546875 0.0234375 0.013671875
0 0.2587890625 0.5986328125 0.025390625 0.029296875
1 0.302734375 0.603515625 0.0234375 0.03515625
1 0.21484375 0.533203125 0.01953125 0.01953125
0 0.6279296875 0.6904296875 0.033203125 0.044921875
0 0.2646484375 0.681640625 0.025390625 0.0234375
1 0.3359375 0.845703125 0.02734375 0.0234375
1 0.3544921875 0.8876953125 0.033203125 0.033203125
0 0.572265625 0.8798828125 0.0234375 0.025390625
2 0.2763671875 0.7685546875 0.029296875 0.029296875
0 0.5458984375 0.6904296875 0.029296875 0.025390625
