0 0.4873046875 0.29296875 0.029296875 0.02734375
1 0.443359375 0.388671875 0.0234375 0.01953125
2 0.384765625 0.3046875 0.01953125 0.03125
2 0.3994140625 0.33203125 0.033203125 0.01953125
1 0.68359375 0.599609375 0.0234375 0.02734375
0 0.6748046875 0.6552734375 0.025390625 0.017578125
1 0.337890625 0.5791015625 0.05078125 0.041015625
1 0.3408203125 0.62890625 0.060546875 0.03515625
1 0.6474609375 0.63671875 0.017578125 0.03125
2 0.5419921875 0.33203125 0.025390625 0.02734375
1 0.4140625 0.6298828125 0.01953125 0.033203125
1 0.4326171875 0.845703125 0.021484375 0.0234375
2 0.4853515625 0.203125 0.029296875 0.0234375
2 0.3701171875 0.255859375 0.041015625 0.03125
