1 0.4375 0.861328125 0.0390625 0.03515625
1 0.455078125 0.8251953125 0.05078125 0.029296875
1 0.53125 0.853515625 0.0234375 0.02734375
1 0.564453125 0.8583984375 0.03515625 0.029296875
1 0.3154296875 0.576171875 0.037109375 0.03125
1 0.4404296875 0.3544921875 0.052734375 0.033203125
1 0.5732421875 0.302734375 0.044921875 0.03515625
1 0.6484375 0.5390625 0.05078125 0.0234375
1 0.4443359375 0.65625 0.041015625 0.02734375
1 0.4697265625 0.689453125 0.064453125 0.02734375
1 0.5224609375 0.681640625 0.041015625 0.03125
1 0.685546875 0.7353515625 0.03125 0.025390625
1 0.5078125 0.4111328125 0.03125 0.033203125
1 0.4013671875 0.681640625 0.037109375 0.02734375
2 0.6201171875 0.80859375 0.041015625 0.03125
2 0.6259765625 0.77734375 0.033203125 0.0234375
2 0.701171875 0.6064453125 0.02734375 0.025390625
2 0.3125 0.341796875 0.03515625 0.03125
2 0.36328125 0.3046875 0.0390625 0.03125
