2 0.5418803418803418 0.42727860374919197 0.04957264957264957 0.03878474466709761
2 0.46623931623931625 0.4230769230769231 0.06752136752136752 0.03684550743374273
2 0.6636752136752136 0.5184227537168714 0.03675213675213675 0.01809954751131222
2 0.5517094017094017 0.24369747899159663 0.04188034188034188 0.028442146089204912
2 0.7508547008547009 0.42501616031027795 0.04358974358974359 0.021331609566903685
2 0.6773504273504274 0.4343891402714932 0.04358974358974359 0.02197802197802198
2 0.4405982905982906 0.17517776341305752 0.03675213675213675 0.0400775694893342
2 0.4222222222222222 0.21105365223012282 0.0547008547008547 0.026502908855850032
2 0.4752136752136752 0.226890756302521 0.05811965811965812 0.03619909502262444
2 0.29743589743589743 0.5349062702003878 0.04786324786324787 0.03425985778926956
2 0.7427350427350428 0.5319974143503555 0.04957264957264957 0.01680672268907563
