1 0.22578125 0.388042203985932 0.0546875 0.02813599062133646
1 0.3578125 0.6524032825322391 0.03125 0.0246189917936694
0 0.3046875 0.7198124267291911 0.040625 0.01875732708089097
0 0.4453125 0.723915592028136 0.04375 0.01992966002344666
1 0.34609375 0.6031652989449003 0.0328125 0.022274325908558032
2 0.4078125 0.5785463071512309 0.028125 0.017584994138335287
0 0.31953125 0.6699882766705745 0.0265625 0.01992966002344666
0 0.4578125 0.5592028135990621 0.03125 0.023446658851113716
0 0.5421875 0.7268464243845252 0.028125 0.016412661195779603
0 0.4625 0.6506447831184057 0.01875 0.01406799531066823
2 0.409375 0.6178194607268465 0.03125 0.016412661195779603
0 0.315625 0.645369284876905 0.025 0.010550996483001172
