0 0.7620666213460231 0.5818815331010453 0.028552005438477225 0.023519163763066203
0 0.19952413324269205 0.6025696864111498 0.04282800815771584 0.018728222996515678
0 0.3470428280081577 0.5568379790940766 0.04146838885112169 0.018728222996515678
0 0.2290958531611149 0.3440766550522648 0.03399048266485384 0.017421602787456445
0 0.1937457511896669 0.563588850174216 0.046227056424201225 0.020905923344947737
0 0.681169272603671 0.6173780487804879 0.04078857919782461 0.016986062717770034
0 0.6308633582596873 0.5871080139372822 0.028552005438477225 0.016550522648083623
0 0.6332426920462271 0.6008275261324042 0.037389530931339225 0.014372822299651568
0 0.7341944255608429 0.5973432055749129 0.036709721278042146 0.016114982578397212
0 0.1893269884432359 0.5812282229965157 0.04282800815771584 0.018728222996515678
2 0.2899388171312033 0.5973432055749129 0.03602991162474507 0.016114982578397212
