1 0.41796875 0.29296875 0.02734375 0.0234375
1 0.447265625 0.2919921875 0.03125 0.021484375
1 0.4912109375 0.375 0.029296875 0.0234375
0 0.4638671875 0.380859375 0.017578125 0.01953125
0 0.62109375 0.35546875 0.0234375 0.02734375
0 0.5791015625 0.376953125 0.029296875 0.03125
1 0.5595703125 0.330078125 0.025390625 0.01953125
0 0.5419921875 0.4755859375 0.021484375 0.021484375
0 0.37109375 0.8017578125 0.03125 0.029296875
0 0.6611328125 0.6396484375 0.017578125 0.025390625
0 0.4677734375 0.3154296875 0.021484375 0.017578125
0 0.5205078125 0.498046875 0.021484375 0.01953125
0 0.52734375 0.5205078125 0.01953125 0.021484375
2 0.3876953125 0.83984375 0.017578125 0.01953125
