0 0.294921875 0.3408203125 0.0234375 0.021484375
0 0.375 0.3173828125 0.02734375 0.017578125
0 0.3994140625 0.310546875 0.021484375 0.015625
0 0.5068359375 0.3076171875 0.033203125 0.021484375
0 0.5732421875 0.2890625 0.029296875 0.015625
0 0.5078125 0.3349609375 0.02734375 0.021484375
0 0.462890625 0.380859375 0.01953125 0.01171875
0 0.3984375 0.365234375 0.02734375 0.01953125
0 0.54296875 0.3251953125 0.01953125 0.021484375
0 0.5615234375 0.416015625 0.017578125 0.01171875
0 0.5771484375 0.4326171875 0.021484375 0.017578125
0 0.384765625 0.2880859375 0.0234375 0.017578125
