2 0.298828125 0.619140625 0.04296875 0.06640625
0 0.4189453125 0.5556640625 0.021484375 0.025390625
2 0.7578125 0.462890625 0.046875 0.03515625
2 0.703125 0.578125 0.03125 0.02734375
2 0.7412109375 0.5751953125 0.048828125 0.037109375
2 0.8125 0.580078125 0.03125 0.03125
2 0.76171875 0.53515625 0.046875 0.01953125
2 0.7177734375 0.54296875 0.041015625 0.03515625
2 0.2998046875 0.5693359375 0.033203125 0.029296875
2 0.6611328125 0.5986328125 0.044921875 0.025390625
2 0.732421875 0.607421875 0.04296875 0.0234375
2 0.27734375 0.5498046875 0.03515625 0.041015625
