0 0.21484375 0.396484375 0.0234375 0.02734375
2 0.185546875 0.43359375 0.015625 0.015625
2 0.2314453125 0.6611328125 0.029296875 0.041015625
2 0.2431640625 0.7099609375 0.029296875 0.025390625
2 0.208984375 0.720703125 0.0234375 0.0234375
2 0.294921875 0.740234375 0.03125 0.03515625
1 0.3828125 0.8310546875 0.02734375 0.021484375
0 0.392578125 0.8525390625 0.02734375 0.021484375
0 0.46875 0.826171875 0.03125 0.02734375
0 0.423828125 0.7099609375 0.02734375 0.029296875
0 0.5654296875 0.8369140625 0.025390625 0.021484375
