0 0.4921875 0.3662109375 0.02734375 0.025390625
0 0.515625 0.427734375 0.0234375 0.01953125
0 0.4873046875 0.390625 0.021484375 0.01953125
0 0.3359375 0.6015625 0.01953125 0.0234375
0 0.650390625 0.5966796875 0.0234375 0.017578125
0 0.6044921875 0.37109375 0.021484375 0.01953125
0 0.6572265625 0.33203125 0.017578125 0.01953125
0 0.62890625 0.2763671875 0.01953125 0.017578125
0 0.548828125 0.3583984375 0.0234375 0.021484375
0 0.494140625 0.423828125 0.01953125 0.0234375
0 0.517578125 0.4541015625 0.03125 0.017578125
