1 0.482421875 0.7783203125 0.03125 0.029296875
1 0.431640625 0.736328125 0.01953125 0.01953125
2 0.662109375 0.740234375 0.03515625 0.03125
1 0.345703125 0.7578125 0.02734375 0.01953125
1 0.3173828125 0.7001953125 0.025390625 0.021484375
1 0.4052734375 0.6357421875 0.021484375 0.025390625
2 0.673828125 0.630859375 0.01953125 0.0234375
2 0.6455078125 0.619140625 0.017578125 0.01953125
2 0.455078125 0.6845703125 0.03125 0.017578125
0 0.3076171875 0.65625 0.029296875 0.0234375
2 0.7568359375 0.654296875 0.017578125 0.03125
2 0.6884765625 0.826171875 0.056640625 0.03515625
2 0.4921875 0.876953125 0.02734375 0.0234375
0 0.5244140625 0.888671875 0.029296875 0.01953125
0 0.35546875 0.70703125 0.0234375 0.01953125
2 0.3505859375 0.7861328125 0.037109375 0.021484375
2 0.541015625 0.4091796875 0.0234375 0.017578125
