0 0.48046875 0.3916015625 0.0390625 0.041015625
0 0.5166015625 0.388671875 0.033203125 0.03125
2 0.5224609375 0.34375 0.033203125 0.03515625
2 0.5126953125 0.3125 0.029296875 0.02734375
2 0.3095703125 0.6298828125 0.025390625 0.029296875
2 0.3369140625 0.623046875 0.033203125 0.03125
2 0.3701171875 0.6162109375 0.029296875 0.041015625
2 0.6640625 0.6611328125 0.03515625 0.017578125
2 0.6953125 0.6533203125 0.03125 0.025390625
2 0.6474609375 0.62109375 0.037109375 0.0234375
2 0.658203125 0.3427734375 0.02734375 0.025390625
2 0.5947265625 0.26953125 0.037109375 0.02734375
2 0.6953125 0.33203125 0.03125 0.0546875
