0 0.640625 0.2763671875 0.03515625 0.029296875
0 0.5546875 0.3359375 0.0390625 0.02734375
0 0.5 0.1923828125 0.03125 0.021484375
0 0.529296875 0.5244140625 0.03125 0.021484375
2 0.6650390625 0.8427734375 0.037109375 0.037109375
2 0.4140625 0.8203125 0.02734375 0.01953125
0 0.4931640625 0.2490234375 0.029296875 0.017578125
0 0.384765625 0.2724609375 0.01953125 0.017578125
0 0.720703125 0.2802734375 0.03125 0.033203125
0 0.6845703125 0.267578125 0.017578125 0.02734375
2 0.7021484375 0.220703125 0.041015625 0.03515625
2 0.63671875 0.2041015625 0.03515625 0.025390625
0 0.4599609375 0.27734375 0.029296875 0.0234375
