0 0.212890625 0.412109375 0.03125 0.01953125
0 0.3837890625 0.224609375 0.033203125 0.03125
0 0.53125 0.3154296875 0.03515625 0.037109375
0 0.3369140625 0.2685546875 0.029296875 0.029296875
0 0.3720703125 0.255859375 0.029296875 0.03515625
0 0.3759765625 0.3193359375 0.037109375 0.021484375
0 0.3447265625 0.3330078125 0.025390625 0.025390625
0 0.49609375 0.2001953125 0.03125 0.025390625
0 0.4853515625 0.283203125 0.041015625 0.02734375
0 0.2890625 0.6376953125 0.04296875 0.025390625
0 0.46875 0.345703125 0.03125 0.03125
0 0.4033203125 0.263671875 0.033203125 0.02734375
0 0.650390625 0.5712890625 0.03125 0.025390625
0 0.6533203125 0.65234375 0.033203125 0.0390625
0 0.2412109375 0.6083984375 0.037109375 0.029296875
