2 0.21804511278195488 0.21299435028248587 0.03308270676691729 0.0327683615819209
0 0.21654135338345865 0.2937853107344633 0.045112781954887216 0.02711864406779661
0 0.181203007518797 0.23559322033898306 0.03458646616541353 0.023728813559322035
1 0.6691729323308271 0.403954802259887 0.03007518796992481 0.030508474576271188
0 0.674436090225564 0.4553672316384181 0.03458646616541353 0.04293785310734463
1 0.5338345864661654 0.496045197740113 0.0481203007518797 0.02937853107344633
1 0.47293233082706765 0.5242937853107345 0.03458646616541353 0.02711864406779661
0 0.40827067669172934 0.5672316384180791 0.03759398496240601 0.01807909604519774
2 0.562406015037594 0.6689265536723163 0.03007518796992481 0.020338983050847456
2 0.4421052631578947 0.6932203389830508 0.02706766917293233 0.0327683615819209
2 0.5902255639097744 0.3497175141242938 0.03458646616541353 0.01694915254237288
2 0.5135338345864662 0.6146892655367232 0.03458646616541353 0.024858757062146894
2 0.5496240601503759 0.5316384180790961 0.02857142857142857 0.023728813559322035
2 0.5909774436090226 0.519774011299435 0.03308270676691729 0.03615819209039548
2 0.5691729323308271 0.6412429378531074 0.02857142857142857 0.021468926553672316
2 0.6090225563909775 0.6378531073446327 0.03609022556390978 0.02824858757062147
0 0.4037593984962406 0.5050847457627119 0.03759398496240601 0.01807909604519774
0 0.33909774436090223 0.2774011299435028 0.03759398496240601 0.0327683615819209
2 0.27518796992481204 0.25028248587570623 0.039097744360902256 0.02598870056497175
0 0.22255639097744362 0.2655367231638418 0.03308270676691729 0.022598870056497175
0 0.16541353383458646 0.3163841807909605 0.03308270676691729 0.024858757062146894
0 0.4691729323308271 0.6943502824858757 0.02706766917293233 0.021468926553672316
2 0.6466165413533834 0.34350282485875705 0.03308270676691729 0.022598870056497175
