0 0.447265625 0.296875 0.03125 0.03125
2 0.7509765625 0.7255859375 0.021484375 0.025390625
2 0.7490234375 0.6943359375 0.025390625 0.021484375
0 0.6337890625 0.693359375 0.029296875 0.0234375
2 0.611328125 0.6591796875 0.0234375 0.025390625
2 0.3798828125 0.611328125 0.029296875 0.01953125
2 0.423828125 0.84765625 0.03515625 0.04296875
0 0.6953125 0.8134765625 0.015625 0.025390625
2 0.77734375 0.673828125 0.01953125 0.01953125
2 0.609375 0.828125 0.03125 0.03515625
2 0.5322265625 0.837890625 0.017578125 0.0234375
0 0.3681640625 0.255859375 0.025390625 0.02734375
