0 0.599609375 0.697265625 0.03515625 0.01953125
0 0.44921875 0.52734375 0.02734375 0.01953125
0 0.546875 0.548828125 0.01953125 0.02734375
0 0.4365234375 0.3369140625 0.017578125 0.017578125
0 0.49609375 0.7080078125 0.03125 0.021484375
0 0.4375 0.9716796875 0.0390625 0.025390625
0 0.498046875 0.98828125 0.03125 0.01171875
0 0.7705078125 0.390625 0.029296875 0.03125
0 0.525390625 0.8583984375 0.01953125 0.025390625
0 0.5712890625 0.912109375 0.021484375 0.0234375
0 0.578125 0.9580078125 0.0390625 0.033203125
2 0.4169921875 0.341796875 0.025390625 0.01953125
2 0.615234375 0.2939453125 0.02734375 0.021484375
