1 0.349609375 0.6171875 0.02734375 0.03125
2 0.6328125 0.6162109375 0.03125 0.025390625
2 0.5322265625 0.8525390625 0.033203125 0.033203125
2 0.7080078125 0.291015625 0.025390625 0.0234375
2 0.4658203125 0.8466796875 0.033203125 0.025390625
2 0.611328125 0.7705078125 0.03125 0.037109375
2 0.53125 0.8095703125 0.04296875 0.029296875
2 0.3095703125 0.5830078125 0.041015625 0.029296875
2 0.455078125 0.814453125 0.03125 0.02734375
2 0.4833984375 0.814453125 0.029296875 0.0390625
2 0.556640625 0.8525390625 0.02734375 0.021484375
2 0.4482421875 0.7890625 0.029296875 0.01953125
2 0.490234375 0.78125 0.03125 0.01953125
