0 0.6201171875 0.62890625 0.044921875 0.01953125
0 0.6533203125 0.724609375 0.029296875 0.02734375
0 0.791015625 0.609375 0.03125 0.01953125
0 0.787109375 0.5263671875 0.0390625 0.017578125
0 0.806640625 0.48828125 0.02734375 0.0234375
0 0.353515625 0.3037109375 0.02734375 0.021484375
0 0.3857421875 0.279296875 0.029296875 0.02734375
0 0.4599609375 0.2900390625 0.037109375 0.029296875
0 0.5478515625 0.2783203125 0.029296875 0.025390625
0 0.51953125 0.2666015625 0.02734375 0.017578125
0 0.5107421875 0.248046875 0.037109375 0.0234375
0 0.607421875 0.2314453125 0.02734375 0.029296875
0 0.8037109375 0.4599609375 0.021484375 0.021484375
