2 0.2919921875 0.7216796875 0.037109375 0.033203125
2 0.2900390625 0.6748046875 0.025390625 0.029296875
2 0.5947265625 0.8271484375 0.033203125 0.041015625
2 0.40234375 0.3203125 0.03515625 0.03125
2 0.509765625 0.435546875 0.03125 0.04296875
2 0.548828125 0.3837890625 0.03125 0.033203125
2 0.6962890625 0.6103515625 0.041015625 0.037109375
2 0.6806640625 0.7177734375 0.048828125 0.029296875
2 0.2939453125 0.623046875 0.041015625 0.03515625
2 0.40625 0.2666015625 0.04296875 0.025390625
2 0.3671875 0.2255859375 0.03515625 0.029296875
2 0.4443359375 0.296875 0.052734375 0.0234375
