1 0.587890625 0.2841796875 0.0390625 0.029296875
1 0.4072265625 0.326171875 0.041015625 0.03515625
2 0.52734375 0.3046875 0.06640625 0.0234375
1 0.580078125 0.2509765625 0.03125 0.025390625
2 0.5498046875 0.6865234375 0.037109375 0.029296875
2 0.5087890625 0.90234375 0.037109375 0.0234375
2 0.412109375 0.8095703125 0.04296875 0.033203125
2 0.447265625 0.931640625 0.03125 0.0234375
2 0.447265625 0.896484375 0.04296875 0.01953125
2 0.3173828125 0.830078125 0.033203125 0.03125
2 0.353515625 0.69921875 0.0390625 0.02734375
2 0.5810546875 0.3681640625 0.037109375 0.025390625
2 0.5927734375 0.318359375 0.072265625 0.03515625
2 0.6171875 0.6640625 0.0390625 0.03515625
2 0.62890625 0.80078125 0.03515625 0.0390625
2 0.421875 0.658203125 0.03515625 0.0234375
2 0.48046875 0.5947265625 0.03515625 0.029296875
2 0.3525390625 0.5517578125 0.037109375 0.029296875
