0 0.5712890625 0.2490234375 0.017578125 0.029296875
0 0.5380859375 0.3525390625 0.029296875 0.025390625
0 0.654296875 0.34765625 0.02734375 0.01953125
0 0.6748046875 0.6142578125 0.033203125 0.021484375
0 0.6083984375 0.53515625 0.025390625 0.02734375
0 0.6572265625 0.5361328125 0.029296875 0.021484375
0 0.73046875 0.3662109375 0.03125 0.021484375
0 0.6005859375 0.2705078125 0.021484375 0.025390625
2 0.6982421875 0.6669921875 0.052734375 0.041015625
2 0.3271484375 0.6220703125 0.029296875 0.029296875
0 0.416015625 0.54296875 0.04296875 0.0234375
0 0.5693359375 0.837890625 0.033203125 0.0234375
