2 0.3310546875 0.5810546875 0.029296875 0.025390625
2 0.619140625 0.69140625 0.04296875 0.02734375
2 0.2578125 0.63671875 0.0234375 0.0234375
2 0.279296875 0.7802734375 0.01953125 0.017578125
2 0.2861328125 0.75 0.033203125 0.02734375
0 0.37109375 0.3369140625 0.01953125 0.029296875
0 0.42578125 0.2734375 0.01953125 0.0234375
0 0.4638671875 0.255859375 0.029296875 0.02734375
0 0.4658203125 0.28515625 0.029296875 0.0234375
2 0.63671875 0.2841796875 0.01953125 0.021484375
2 0.55078125 0.2958984375 0.03125 0.029296875
2 0.517578125 0.2548828125 0.04296875 0.033203125
2 0.712890625 0.6279296875 0.03125 0.033203125
2 0.720703125 0.7138671875 0.02734375 0.021484375
2 0.7578125 0.7109375 0.01953125 0.03515625
2 0.4814453125 0.5263671875 0.037109375 0.025390625
