1 0.3984375 0.3251953125 0.0234375 0.017578125
0 0.685546875 0.5576171875 0.01171875 0.017578125
0 0.2998046875 0.6240234375 0.017578125 0.017578125
0 0.642578125 0.5859375 0.015625 0.0234375
0 0.6611328125 0.5849609375 0.013671875 0.017578125
0 0.6689453125 0.626953125 0.013671875 0.01953125
0 0.6767578125 0.5908203125 0.013671875 0.017578125
0 0.5205078125 0.390625 0.017578125 0.01953125
0 0.5 0.408203125 0.0234375 0.0234375
0 0.533203125 0.3076171875 0.01953125 0.025390625
0 0.529296875 0.3681640625 0.0234375 0.021484375
0 0.625 0.37890625 0.01953125 0.01953125
0 0.6064453125 0.375 0.017578125 0.02734375
0 0.5693359375 0.3046875 0.013671875 0.02734375
