2 0.369140625 0.6142578125 0.0234375 0.033203125
0 0.3271484375 0.66015625 0.021484375 0.02734375
0 0.673828125 0.6826171875 0.03515625 0.033203125
2 0.427734375 0.8876953125 0.0234375 0.025390625
2 0.3193359375 0.8125 0.017578125 0.02734375
2 0.34765625 0.845703125 0.03515625 0.0234375
2 0.6474609375 0.7626953125 0.021484375 0.025390625
2 0.4404296875 0.8291015625 0.025390625 0.025390625
2 0.4404296875 0.7880859375 0.021484375 0.017578125
2 0.638671875 0.8349609375 0.0234375 0.029296875
0 0.470703125 0.90234375 0.02734375 0.015625
2 0.6650390625 0.8154296875 0.017578125 0.025390625
2 0.529296875 0.279296875 0.02734375 0.0234375
2 0.6005859375 0.283203125 0.025390625 0.01953125
2 0.5908203125 0.6328125 0.033203125 0.0234375
2 0.68359375 0.65234375 0.01953125 0.0234375
2 0.7109375 0.6669921875 0.01953125 0.025390625
2 0.4033203125 0.8916015625 0.025390625 0.029296875
