0 0.44921875 0.3681640625 0.02734375 0.021484375
0 0.521484375 0.345703125 0.0234375 0.015625
0 0.4658203125 0.349609375 0.021484375 0.01953125
0 0.400390625 0.3583984375 0.01953125 0.017578125
0 0.4990234375 0.287109375 0.021484375 0.015625
0 0.513671875 0.3193359375 0.02734375 0.025390625
0 0.4404296875 0.3896484375 0.013671875 0.021484375
0 0.6376953125 0.8095703125 0.017578125 0.021484375
0 0.583984375 0.25 0.01953125 0.015625
0 0.5859375 0.341796875 0.01953125 0.01953125
0 0.6005859375 0.322265625 0.017578125 0.01953125
0 0.533203125 0.3623046875 0.01171875 0.013671875
0 0.552734375 0.361328125 0.0234375 0.01953125
