0 0.52734375 0.353515625 0.0546875 0.0390625
1 0.380859375 0.2939453125 0.03125 0.033203125
0 0.6552734375 0.701171875 0.037109375 0.03515625
0 0.486328125 0.884765625 0.03125 0.02734375
0 0.513671875 0.845703125 0.03125 0.03125
0 0.337890625 0.7470703125 0.015625 0.033203125
0 0.3779296875 0.77734375 0.029296875 0.0546875
0 0.390625 0.8232421875 0.03125 0.021484375
0 0.5087890625 0.4091796875 0.017578125 0.029296875
0 0.4384765625 0.3193359375 0.021484375 0.021484375
0 0.482421875 0.337890625 0.01953125 0.0234375
2 0.33203125 0.3212890625 0.02734375 0.029296875
