0 0.6591903719912473 0.22332942555685814 0.04266958424507659 0.01875732708089097
1 0.4195842450765864 0.27667057444314186 0.044857768052516414 0.02579132473622509
0 0.7078774617067833 0.6087338804220399 0.05908096280087528 0.02637749120750293
2 0.20678336980306344 0.6145955451348183 0.09846827133479212 0.04279015240328253
2 0.3424507658643326 0.7596717467760844 0.07439824945295405 0.032825322391559206
2 0.29923413566739604 0.1925556858147714 0.07986870897155361 0.029894490035169988
2 0.549781181619256 0.19753810082063306 0.05142231947483589 0.022274325908558032
2 0.774617067833698 0.6189917936694022 0.05470459518599562 0.038686987104337635
2 0.5399343544857768 0.3007033997655334 0.06673960612691467 0.0246189917936694
2 0.14442013129102846 0.5715123094958968 0.05032822757111598 0.03048065650644783
2 0.6772428884026258 0.5735638921453693 0.03938730853391685 0.01817116060961313
