0 0.5390625 0.6371629542790153 0.03125 0.017584994138335287
1 0.43984375 0.6113716295427901 0.0265625 0.0246189917936694
1 0.646875 0.5211019929660023 0.028125 0.026963657678780773
1 0.55078125 0.4806565064478312 0.0390625 0.021101992966002344
1 0.5828125 0.6049237983587339 0.028125 0.01875732708089097
2 0.64296875 0.45076201641266117 0.0265625 0.022274325908558032
2 0.66640625 0.4361078546307151 0.0203125 0.016412661195779603
2 0.6921875 0.48651817116060964 0.04375 0.021101992966002344
2 0.54140625 0.5416178194607268 0.0390625 0.01875732708089097
2 0.51875 0.597303634232122 0.034375 0.031652989449003514
2 0.58203125 0.5855803048065651 0.0328125 0.012895662368112544
2 0.60703125 0.5527549824150059 0.0296875 0.017584994138335287
2 0.66875 0.46365767878077374 0.04375 0.017584994138335287
