1 0.390625 0.3173828125 0.0390625 0.029296875
1 0.505859375 0.3896484375 0.0234375 0.021484375
0 0.5771484375 0.3671875 0.037109375 0.0234375
0 0.4765625 0.3896484375 0.01953125 0.017578125
0 0.5556640625 0.33203125 0.033203125 0.02734375
0 0.486328125 0.3515625 0.02734375 0.01953125
0 0.5029296875 0.326171875 0.025390625 0.0234375
0 0.525390625 0.87890625 0.0234375 0.0234375
0 0.4765625 0.3681640625 0.02734375 0.017578125
2 0.341796875 0.37109375 0.0234375 0.03125
0 0.66015625 0.29296875 0.01953125 0.01953125
0 0.615234375 0.314453125 0.02734375 0.0234375
