1 0.4443359375 0.3603515625 0.025390625 0.029296875
1 0.4814453125 0.3330078125 0.029296875 0.021484375
1 0.4296875 0.857421875 0.03125 0.01953125
1 0.4794921875 0.8427734375 0.052734375 0.029296875
1 0.615234375 0.806640625 0.03515625 0.02734375
1 0.556640625 0.3427734375 0.0234375 0.021484375
1 0.4794921875 0.279296875 0.025390625 0.01953125
1 0.412109375 0.2685546875 0.02734375 0.021484375
1 0.4140625 0.63671875 0.02734375 0.02734375
2 0.61328125 0.6845703125 0.03125 0.029296875
2 0.4658203125 0.8984375 0.033203125 0.0234375
2 0.353515625 0.833984375 0.0390625 0.03125
2 0.599609375 0.2490234375 0.03125 0.029296875
0 0.3232421875 0.3359375 0.033203125 0.015625
0 0.33984375 0.296875 0.03515625 0.01953125
