1 0.3154296875 0.3525390625 0.033203125 0.025390625
1 0.484375 0.3232421875 0.046875 0.025390625
2 0.7119140625 0.625 0.029296875 0.04296875
2 0.5009765625 0.28125 0.041015625 0.03125
0 0.4541015625 0.2587890625 0.041015625 0.029296875
0 0.45703125 0.29296875 0.0390625 0.01953125
0 0.388671875 0.3251953125 0.02734375 0.017578125
2 0.5341796875 0.7568359375 0.037109375 0.029296875
2 0.3515625 0.7763671875 0.046875 0.029296875
2 0.6865234375 0.7841796875 0.037109375 0.029296875
2 0.5859375 0.849609375 0.03515625 0.02734375
0 0.3720703125 0.2998046875 0.033203125 0.021484375
0 0.3896484375 0.3466796875 0.041015625 0.021484375
