0 0.5419921875 0.232421875 0.041015625 0.02734375
0 0.349609375 0.2587890625 0.0234375 0.021484375
0 0.4091796875 0.1962890625 0.041015625 0.029296875
0 0.5625 0.27734375 0.02734375 0.0234375
2 0.3505859375 0.3115234375 0.021484375 0.017578125
2 0.4423828125 0.1982421875 0.029296875 0.021484375
2 0.287109375 0.5478515625 0.03125 0.021484375
2 0.62890625 0.548828125 0.0390625 0.0234375
2 0.4453125 0.302734375 0.0390625 0.02734375
2 0.57421875 0.3408203125 0.0546875 0.017578125
2 0.5732421875 0.57421875 0.037109375 0.02734375
2 0.3740234375 0.525390625 0.029296875 0.0234375
