1 0.5986328125 0.3212890625 0.021484375 0.021484375
1 0.580078125 0.373046875 0.02734375 0.02734375
0 0.7060546875 0.8505859375 0.021484375 0.017578125
1 0.37109375 0.712890625 0.0234375 0.01953125
0 0.59375 0.6552734375 0.02734375 0.025390625
2 0.3896484375 0.2958984375 0.033203125 0.029296875
0 0.4384765625 0.8173828125 0.025390625 0.021484375
1 0.53515625 0.86328125 0.03125 0.03125
2 0.408203125 0.34375 0.03125 0.0234375
2 0.720703125 0.720703125 0.03125 0.03125
2 0.5810546875 0.83984375 0.021484375 0.01953125
