1 0.5355594102341718 0.44954721862871927 0.023417172593235037 0.03234152652005175
1 0.5706851691240243 0.5672703751617076 0.024284475281873375 0.03234152652005175
1 0.4418907198612316 0.6021992238033635 0.0199479618386817 0.027166882276843468
1 0.6231569817866436 0.3311772315653299 0.01821335646140503 0.028460543337645538
1 0.5732870771899393 0.4191461836998706 0.022549869904596703 0.02328589909443726
1 0.5125758889852559 0.39909443725743854 0.017346053772766695 0.029754204398447608
1 0.46964440589765827 0.45666235446313064 0.013009540329575022 0.018111254851228976
1 0.49132697311361667 0.445019404915912 0.014744145706851692 0.02328589909443726
1 0.46097137901127494 0.48771021992238034 0.01821335646140503 0.02069857697283312
1 0.47918473547268 0.48124191461837 0.01647875108412836 0.018111254851228976
1 0.5169124024284475 0.5426908150064683 0.015611448395490026 0.019404915912031046
2 0.6110147441457069 0.21733505821474774 0.023417172593235037 0.028460543337645538
