2 0.7890625 0.6171875 0.03515625 0.02734375
2 0.771484375 0.6484375 0.03125 0.02734375
2 0.677734375 0.6728515625 0.0234375 0.013671875
2 0.759765625 0.6982421875 0.03515625 0.029296875
2 0.822265625 0.650390625 0.03125 0.03125
2 0.7861328125 0.6982421875 0.029296875 0.033203125
2 0.7919921875 0.77734375 0.044921875 0.03125
2 0.7861328125 0.5712890625 0.037109375 0.021484375
2 0.857421875 0.5302734375 0.03515625 0.041015625
2 0.4931640625 0.49609375 0.029296875 0.02734375
2 0.287109375 0.6474609375 0.02734375 0.041015625
2 0.470703125 0.36328125 0.02734375 0.0234375
2 0.7353515625 0.58984375 0.041015625 0.0390625
