0 0.4697265625 0.3662109375 0.025390625 0.013671875
0 0.5234375 0.2861328125 0.0234375 0.013671875
0 0.5185546875 0.2548828125 0.021484375 0.017578125
0 0.544921875 0.3408203125 0.0234375 0.017578125
0 0.4619140625 0.3896484375 0.013671875 0.017578125
0 0.490234375 0.4130859375 0.015625 0.017578125
0 0.4580078125 0.419921875 0.025390625 0.0234375
0 0.419921875 0.3603515625 0.01953125 0.017578125
0 0.48828125 0.34765625 0.01953125 0.01953125
0 0.5849609375 0.3427734375 0.021484375 0.025390625
0 0.4619140625 0.349609375 0.029296875 0.015625
