1 0.732421875 0.53515625 0.03515625 0.02734375
1 0.6845703125 0.7431640625 0.037109375 0.041015625
1 0.67578125 0.6669921875 0.02734375 0.021484375
1 0.4638671875 0.333984375 0.025390625 0.0234375
0 0.3759765625 0.82421875 0.021484375 0.01953125
0 0.6728515625 0.623046875 0.025390625 0.0234375
0 0.5166015625 0.4501953125 0.021484375 0.021484375
0 0.4638671875 0.408203125 0.025390625 0.02734375
0 0.734375 0.3681640625 0.015625 0.017578125
0 0.75 0.390625 0.03125 0.0234375
0 0.7578125 0.41015625 0.02734375 0.0234375
0 0.6650390625 0.8056640625 0.029296875 0.021484375
0 0.6494140625 0.77734375 0.029296875 0.01953125
