2 0.6328125 0.3544921875 0.03515625 0.029296875
2 0.525390625 0.421875 0.0234375 0.0234375
2 0.431640625 0.3759765625 0.03125 0.025390625
0 0.38671875 0.314453125 0.03125 0.0234375
2 0.4052734375 0.2841796875 0.029296875 0.029296875
2 0.4677734375 0.2900390625 0.025390625 0.025390625
0 0.443359375 0.2880859375 0.0234375 0.021484375
0 0.3486328125 0.560546875 0.029296875 0.01953125
0 0.29296875 0.5732421875 0.02734375 0.029296875
0 0.529296875 0.82421875 0.0234375 0.0234375
0 0.2353515625 0.67578125 0.021484375 0.02734375
