2 0.466796875 0.5791015625 0.03515625 0.033203125
2 0.416015625 0.328125 0.0546875 0.0390625
2 0.64453125 0.373046875 0.03515625 0.0234375
2 0.6630859375 0.6259765625 0.041015625 0.021484375
0 0.5947265625 0.318359375 0.037109375 0.0234375
0 0.5478515625 0.341796875 0.033203125 0.0234375
0 0.8115234375 0.3701171875 0.044921875 0.033203125
0 0.3798828125 0.8310546875 0.029296875 0.021484375
0 0.6826171875 0.7109375 0.037109375 0.02734375
2 0.61328125 0.20703125 0.04296875 0.0234375
2 0.6455078125 0.5537109375 0.048828125 0.033203125
