0 0.541015625 0.267578125 0.03515625 0.02734375
0 0.5439453125 0.3388671875 0.041015625 0.025390625
0 0.587890625 0.341796875 0.03515625 0.0234375
0 0.5908203125 0.291015625 0.037109375 0.04296875
0 0.4990234375 0.2744140625 0.037109375 0.025390625
0 0.4248046875 0.2509765625 0.041015625 0.025390625
0 0.498046875 0.2373046875 0.0234375 0.029296875
0 0.6845703125 0.380859375 0.044921875 0.03125
0 0.7783203125 0.4296875 0.025390625 0.02734375
0 0.7275390625 0.4189453125 0.044921875 0.033203125
0 0.6240234375 0.2861328125 0.033203125 0.017578125
0 0.4814453125 0.3173828125 0.029296875 0.033203125
0 0.453125 0.44921875 0.0234375 0.0234375
0 0.48828125 0.474609375 0.02734375 0.03125
0 0.6611328125 0.693359375 0.037109375 0.02734375
0 0.63671875 0.8203125 0.0390625 0.02734375
0 0.6162109375 0.8623046875 0.029296875 0.025390625
0 0.748046875 0.7724609375 0.0234375 0.025390625
0 0.744140625 0.802734375 0.0234375 0.03125
0 0.7138671875 0.265625 0.029296875 0.03125
0 0.6494140625 0.3017578125 0.041015625 0.021484375
0 0.56640625 0.36328125 0.02734375 0.02734375
0 0.4716796875 0.4033203125 0.052734375 0.037109375
0 0.5322265625 0.935546875 0.033203125 0.03125
0 0.4775390625 0.9716796875 0.041015625 0.021484375
0 0.6259765625 0.580078125 0.037109375 0.02734375
