2 0.6494140625 0.578125 0.033203125 0.03515625
2 0.6689453125 0.6513671875 0.029296875 0.029296875
2 0.5947265625 0.6171875 0.025390625 0.01953125
2 0.5068359375 0.5595703125 0.029296875 0.033203125
2 0.5439453125 0.556640625 0.013671875 0.01953125
2 0.5966796875 0.65625 0.029296875 0.03125
2 0.6904296875 0.521484375 0.033203125 0.03125
2 0.728515625 0.53515625 0.02734375 0.03515625
2 0.71484375 0.6416015625 0.02734375 0.021484375
2 0.67578125 0.5576171875 0.03125 0.033203125
2 0.6318359375 0.34765625 0.033203125 0.01953125
