2 0.3330078125 0.6298828125 0.025390625 0.029296875
2 0.39453125 0.5791015625 0.04296875 0.021484375
2 0.46875 0.587890625 0.0390625 0.03125
2 0.4921875 0.6181640625 0.03125 0.025390625
2 0.5244140625 0.5546875 0.021484375 0.0234375
2 0.5908203125 0.7939453125 0.033203125 0.025390625
2 0.59765625 0.8525390625 0.04296875 0.025390625
2 0.591796875 0.6650390625 0.02734375 0.029296875
2 0.2578125 0.6826171875 0.02734375 0.041015625
2 0.30078125 0.765625 0.01953125 0.02734375
2 0.3955078125 0.8046875 0.033203125 0.02734375
2 0.634765625 0.2900390625 0.04296875 0.025390625
