0 0.4140625 0.37109375 0.03515625 0.02734375
0 0.4169921875 0.24609375 0.025390625 0.0234375
0 0.4453125 0.234375 0.02734375 0.02734375
0 0.494140625 0.376953125 0.02734375 0.02734375
0 0.5234375 0.375 0.0234375 0.0234375
0 0.46484375 0.3349609375 0.02734375 0.021484375
2 0.490234375 0.498046875 0.03125 0.0234375
2 0.69921875 0.6220703125 0.02734375 0.013671875
2 0.72265625 0.60546875 0.02734375 0.02734375
2 0.7236328125 0.572265625 0.037109375 0.0234375
2 0.37890625 0.27734375 0.03125 0.01953125
2 0.3447265625 0.279296875 0.025390625 0.02734375
2 0.3212890625 0.283203125 0.025390625 0.0234375
2 0.296875 0.3046875 0.01953125 0.0234375
2 0.68359375 0.6025390625 0.02734375 0.025390625
2 0.611328125 0.5517578125 0.0234375 0.025390625
2 0.6396484375 0.2646484375 0.044921875 0.025390625
