1 0.6552734375 0.634765625 0.025390625 0.0234375
2 0.5400390625 0.8388671875 0.037109375 0.017578125
2 0.658203125 0.8154296875 0.02734375 0.029296875
2 0.751953125 0.7373046875 0.03515625 0.029296875
2 0.7177734375 0.7275390625 0.029296875 0.017578125
2 0.75 0.7890625 0.02734375 0.0234375
2 0.6982421875 0.78515625 0.033203125 0.03125
2 0.603515625 0.6142578125 0.03125 0.017578125
2 0.6455078125 0.5146484375 0.037109375 0.029296875
2 0.353515625 0.7607421875 0.0234375 0.029296875
2 0.3818359375 0.8271484375 0.037109375 0.017578125
2 0.3935546875 0.685546875 0.029296875 0.03515625
2 0.54296875 0.681640625 0.03125 0.01953125
2 0.59765625 0.69921875 0.0234375 0.03125
2 0.6474609375 0.70703125 0.033203125 0.01953125
0 0.5634765625 0.806640625 0.033203125 0.03125
2 0.5439453125 0.916015625 0.021484375 0.0234375
2 0.578125 0.85546875 0.04296875 0.0390625
0 0.6552734375 0.78125 0.029296875 0.0234375
