0 0.6435546875 0.5986328125 0.037109375 0.021484375
2 0.2880859375 0.6865234375 0.021484375 0.025390625
2 0.296875 0.591796875 0.01953125 0.01953125
2 0.337890625 0.65625 0.03125 0.0234375
0 0.64453125 0.666015625 0.03125 0.02734375
0 0.6630859375 0.6279296875 0.033203125 0.029296875
0 0.4658203125 0.857421875 0.033203125 0.0234375
2 0.330078125 0.6123046875 0.02734375 0.021484375
0 0.275390625 0.5771484375 0.0234375 0.021484375
2 0.2880859375 0.7265625 0.021484375 0.01953125
0 0.322265625 0.3310546875 0.0234375 0.021484375
