2 0.3701171875 0.248046875 0.044921875 0.03515625
2 0.3642578125 0.3486328125 0.029296875 0.033203125
0 0.6259765625 0.296875 0.033203125 0.02734375
0 0.45703125 0.4541015625 0.03515625 0.029296875
0 0.5498046875 0.3251953125 0.033203125 0.029296875
0 0.4814453125 0.3544921875 0.037109375 0.033203125
0 0.5908203125 0.6748046875 0.037109375 0.041015625
0 0.66015625 0.580078125 0.03515625 0.015625
2 0.720703125 0.3408203125 0.0234375 0.029296875
2 0.771484375 0.3525390625 0.01953125 0.033203125
2 0.43359375 0.400390625 0.02734375 0.03125
0 0.4755859375 0.4150390625 0.037109375 0.041015625
2 0.6201171875 0.2607421875 0.068359375 0.021484375
