0 0.498046875 0.6513671875 0.02734375 0.025390625
0 0.421875 0.6640625 0.01953125 0.01953125
0 0.361328125 0.8330078125 0.0234375 0.025390625
2 0.3232421875 0.263671875 0.029296875 0.03125
2 0.544921875 0.2724609375 0.01953125 0.025390625
0 0.455078125 0.2861328125 0.0234375 0.025390625
0 0.509765625 0.2978515625 0.03125 0.021484375
0 0.6396484375 0.8115234375 0.017578125 0.029296875
2 0.392578125 0.689453125 0.02734375 0.03125
0 0.376953125 0.314453125 0.0234375 0.01953125
0 0.4072265625 0.2861328125 0.025390625 0.021484375
