1 0.47421875 0.5422039859320047 0.0234375 0.01992966002344666
1 0.38203125 0.536928487690504 0.0265625 0.021101992966002344
1 0.5671875 0.582063305978898 0.021875 0.017584994138335287
2 0.496875 0.67936694021102 0.03125 0.01992966002344666
2 0.4046875 0.7174677608440797 0.025 0.016412661195779603
2 0.54375 0.48007033997655335 0.025 0.015240328253223915
2 0.57421875 0.48182883939038684 0.0171875 0.01875732708089097
2 0.6234375 0.5087924970691676 0.025 0.01406799531066823
2 0.49296875 0.6031652989449003 0.0265625 0.017584994138335287
2 0.43359375 0.7116060961313013 0.0296875 0.01875732708089097
2 0.4390625 0.61957796014068 0.028125 0.015240328253223915
2 0.45546875 0.6512309495896834 0.0421875 0.01992966002344666
2 0.503125 0.6553341148886284 0.034375 0.01875732708089097
2 0.396875 0.694021101992966 0.0375 0.021101992966002344
