2 0.490234375 0.802734375 0.02734375 0.015625
2 0.5009765625 0.8408203125 0.025390625 0.025390625
2 0.546875 0.2880859375 0.03125 0.029296875
2 0.4638671875 0.2734375 0.029296875 0.0234375
2 0.396484375 0.2666015625 0.02734375 0.025390625
2 0.638671875 0.306640625 0.04296875 0.01953125
2 0.2919921875 0.5380859375 0.025390625 0.017578125
2 0.369140625 0.5361328125 0.0234375 0.017578125
2 0.396484375 0.580078125 0.03515625 0.0234375
2 0.5146484375 0.5712890625 0.029296875 0.021484375
2 0.5439453125 0.5556640625 0.029296875 0.025390625
2 0.3212890625 0.7255859375 0.029296875 0.021484375
2 0.6220703125 0.3525390625 0.033203125 0.025390625
