1 0.3828125 0.611328125 0.0234375 0.01953125
1 0.4169921875 0.3701171875 0.021484375 0.017578125
1 0.4765625 0.642578125 0.01171875 0.015625
0 0.6240234375 0.7509765625 0.017578125 0.017578125
0 0.513671875 0.38671875 0.02734375 0.0234375
0 0.4013671875 0.3173828125 0.029296875 0.021484375
0 0.3203125 0.3828125 0.01953125 0.015625
0 0.6689453125 0.6123046875 0.017578125 0.017578125
0 0.5517578125 0.6474609375 0.017578125 0.013671875
0 0.5205078125 0.439453125 0.021484375 0.01953125
0 0.544921875 0.3115234375 0.01953125 0.017578125
2 0.3603515625 0.78125 0.029296875 0.0234375
0 0.330078125 0.607421875 0.02734375 0.015625
2 0.2841796875 0.6142578125 0.021484375 0.013671875
0 0.3232421875 0.642578125 0.029296875 0.02734375
0 0.5107421875 0.3486328125 0.021484375 0.013671875
0 0.5556640625 0.361328125 0.025390625 0.015625
2 0.2841796875 0.5927734375 0.037109375 0.021484375
2 0.2294921875 0.60546875 0.021484375 0.0234375
2 0.240234375 0.6630859375 0.02734375 0.021484375
0 0.4052734375 0.546875 0.021484375 0.015625
0 0.5029296875 0.619140625 0.017578125 0.015625
