2 0.4326171875 0.529296875 0.029296875 0.01953125
2 0.5361328125 0.5673828125 0.029296875 0.017578125
2 0.671875 0.552734375 0.02734375 0.01953125
2 0.7314453125 0.6181640625 0.025390625 0.013671875
2 0.724609375 0.38671875 0.0234375 0.01953125
2 0.439453125 0.822265625 0.015625 0.01953125
2 0.6103515625 0.763671875 0.021484375 0.0234375
2 0.3955078125 0.7978515625 0.025390625 0.017578125
2 0.373046875 0.7705078125 0.01953125 0.021484375
2 0.3896484375 0.78125 0.017578125 0.015625
2 0.3779296875 0.3125 0.021484375 0.02734375
