0 0.3876953125 0.263671875 0.041015625 0.01953125
0 0.35546875 0.2939453125 0.03125 0.021484375
0 0.5458984375 0.267578125 0.029296875 0.01953125
0 0.45703125 0.2822265625 0.03125 0.025390625
1 0.6162109375 0.6337890625 0.029296875 0.025390625
0 0.6611328125 0.7216796875 0.029296875 0.033203125
0 0.7998046875 0.6162109375 0.029296875 0.033203125
0 0.7939453125 0.5302734375 0.029296875 0.033203125
0 0.646484375 0.3212890625 0.0234375 0.033203125
0 0.8173828125 0.4853515625 0.017578125 0.025390625
0 0.4521484375 0.880859375 0.021484375 0.01953125
