1 0.4736328125 0.4365234375 0.033203125 0.025390625
1 0.486328125 0.40625 0.0234375 0.0234375
0 0.654296875 0.337890625 0.0234375 0.03515625
0 0.58984375 0.248046875 0.03515625 0.03125
0 0.6318359375 0.296875 0.021484375 0.0234375
0 0.6640625 0.298828125 0.01953125 0.0234375
0 0.7529296875 0.5478515625 0.025390625 0.037109375
0 0.412109375 0.341796875 0.015625 0.01953125
0 0.5263671875 0.3818359375 0.029296875 0.025390625
0 0.5732421875 0.2958984375 0.021484375 0.025390625
0 0.4501953125 0.275390625 0.025390625 0.015625
0 0.505859375 0.3056640625 0.0234375 0.029296875
0 0.8037109375 0.556640625 0.025390625 0.0234375
0 0.4326171875 0.2509765625 0.021484375 0.021484375
