2 0.3330078125 0.6318359375 0.017578125 0.013671875
2 0.279296875 0.5859375 0.01953125 0.015625
2 0.3056640625 0.5693359375 0.021484375 0.017578125
2 0.28125 0.5380859375 0.015625 0.017578125
2 0.4892578125 0.4794921875 0.017578125 0.017578125
2 0.47265625 0.5625 0.015625 0.015625
0 0.45703125 0.3291015625 0.0234375 0.017578125
2 0.6640625 0.6259765625 0.01953125 0.017578125
2 0.7333984375 0.5791015625 0.017578125 0.017578125
2 0.716796875 0.65234375 0.01953125 0.015625
2 0.46484375 0.52734375 0.0234375 0.015625
