1 0.4921875 0.2138671875 0.0234375 0.017578125
0 0.521484375 0.2802734375 0.015625 0.021484375
0 0.5234375 0.2490234375 0.01953125 0.017578125
0 0.484375 0.275390625 0.01953125 0.0234375
0 0.4658203125 0.255859375 0.017578125 0.015625
0 0.4296875 0.201171875 0.0234375 0.01953125
1 0.4091796875 0.220703125 0.025390625 0.015625
0 0.4072265625 0.205078125 0.021484375 0.01953125
0 0.4677734375 0.34375 0.017578125 0.01953125
0 0.4404296875 0.8251953125 0.025390625 0.021484375
0 0.5693359375 0.6904296875 0.017578125 0.021484375
0 0.42578125 0.3115234375 0.01953125 0.017578125
0 0.4091796875 0.3056640625 0.017578125 0.021484375
