2 0.24404761904761904 0.587248322147651 0.050595238095238096 0.03131991051454139
2 0.30431547619047616 0.7550335570469798 0.03125 0.024608501118568233
0 0.7366071428571429 0.6879194630872483 0.03869047619047619 0.026845637583892617
0 0.78125 0.6560402684563759 0.03869047619047619 0.025727069351230425
0 0.7239583333333334 0.7606263982102909 0.03125 0.020134228187919462
2 0.3958333333333333 0.6621923937360179 0.03571428571428571 0.02237136465324385
2 0.6800595238095238 0.8098434004474273 0.02976190476190476 0.017897091722595078
0 0.4523809523809524 0.308165548098434 0.03869047619047619 0.021252796420581657
2 0.5453869047619048 0.2203579418344519 0.028273809523809524 0.02237136465324385
2 0.6108630952380952 0.2779642058165548 0.03422619047619048 0.021252796420581657
2 0.6063988095238095 0.24608501118568232 0.043154761904761904 0.024608501118568233
1 0.5721726190476191 0.1465324384787472 0.03125 0.029082774049217
1 0.5855654761904762 0.191834451901566 0.03125 0.021252796420581657
2 0.7470238095238095 0.1890380313199105 0.026785714285714284 0.026845637583892617
0 0.43080357142857145 0.3680089485458613 0.025297619047619048 0.020134228187919462
0 0.265625 0.32550335570469796 0.04017857142857143 0.017897091722595078
2 0.5476190476190477 0.378076062639821 0.041666666666666664 0.040268456375838924
2 0.8534226190476191 0.5296420581655481 0.025297619047619048 0.02796420581655481
