1 0.6876876876876877 0.5259593679458239 0.06606606606606606 0.03837471783295711
1 0.6561561561561562 0.6992099322799097 0.04804804804804805 0.0327313769751693
1 0.5720720720720721 0.6743792325056434 0.09009009009009009 0.03724604966139955
1 0.5 0.7054176072234764 0.06006006006006006 0.033860045146726865
0 0.5555555555555556 0.8019187358916479 0.05105105105105105 0.028216704288939052
2 0.7995495495495496 0.6439051918735892 0.04954954954954955 0.0327313769751693
2 0.8423423423423423 0.5942437923250564 0.04504504504504504 0.023702031602708805
2 0.7012012012012012 0.5727990970654627 0.03303303303303303 0.030474040632054177
2 0.6081081081081081 0.713882618510158 0.03903903903903904 0.025959367945823927
0 0.3123123123123123 0.3792325056433409 0.03903903903903904 0.03160270880361174
0 0.2515015015015015 0.30756207674943564 0.028528528528528527 0.025959367945823927
0 0.29354354354354356 0.2082392776523702 0.04354354354354354 0.025959367945823927
2 0.2875375375375375 0.17437923250564333 0.046546546546546545 0.025959367945823927
2 0.2695195195195195 0.1275395033860045 0.046546546546546545 0.03160270880361174
2 0.34459459459459457 0.13882618510158012 0.046546546546546545 0.045146726862302484
2 0.26426426426426425 0.0806997742663657 0.02702702702702703 0.02144469525959368
2 0.496996996996997 0.8487584650112867 0.042042042042042045 0.02708803611738149
2 0.3551051051051051 0.4796839729119639 0.03153153153153153 0.03611738148984198
