0 0.65625 0.5869140625 0.03125 0.029296875
2 0.3291015625 0.6240234375 0.025390625 0.021484375
2 0.380859375 0.578125 0.02734375 0.03125
2 0.4892578125 0.3916015625 0.033203125 0.025390625
0 0.4853515625 0.3486328125 0.025390625 0.025390625
0 0.416015625 0.2939453125 0.03125 0.025390625
0 0.556640625 0.2783203125 0.02734375 0.025390625
0 0.568359375 0.3046875 0.01953125 0.01953125
0 0.595703125 0.2978515625 0.0234375 0.025390625
2 0.701171875 0.640625 0.0234375 0.02734375
0 0.5322265625 0.3271484375 0.025390625 0.025390625
0 0.564453125 0.8193359375 0.03515625 0.025390625
2 0.666015625 0.7880859375 0.02734375 0.025390625
