0 0.421875 0.4013671875 0.015625 0.021484375
2 0.3310546875 0.365234375 0.025390625 0.03125
2 0.3798828125 0.2529296875 0.025390625 0.029296875
2 0.451171875 0.3779296875 0.0234375 0.017578125
2 0.55859375 0.376953125 0.02734375 0.01953125
2 0.6123046875 0.3359375 0.025390625 0.0234375
2 0.587890625 0.322265625 0.01953125 0.015625
2 0.548828125 0.3056640625 0.0234375 0.021484375
2 0.5947265625 0.2783203125 0.025390625 0.021484375
2 0.35546875 0.5810546875 0.02734375 0.017578125
2 0.287109375 0.62109375 0.03125 0.03125
