0 0.4439701173959445 0.6685 0.03628601921024546 0.025
0 0.48025613660619 0.6335 0.025613660618996798 0.025
2 0.5149413020277481 0.61 0.022411953041622197 0.038
2 0.4663820704375667 0.5195 0.025613660618996798 0.027
2 0.16542155816435433 0.7585 0.025613660618996798 0.025
2 0.6376734258271078 0.3205 0.0288153681963714 0.017
2 0.3911419423692636 0.4885 0.0288153681963714 0.021
2 0.423692636072572 0.47 0.025613660618996798 0.026
2 0.5117395944503735 0.5745 0.0288153681963714 0.025
2 0.4167556029882604 0.69 0.013874066168623266 0.014
2 0.5747065101387406 0.3045 0.035218783351120594 0.021
2 0.47652081109925293 0.4855 0.033084311632870865 0.031
2 0.47171824973319104 0.5995 0.04055496264674493 0.023
2 0.4535752401280683 0.5655 0.029882604055496264 0.021
0 0.4413020277481323 0.5455 0.030949839914621132 0.013
0 0.43329775880469584 0.5205 0.03628601921024546 0.029
