0 0.361328125 0.283203125 0.03125 0.0234375
0 0.44140625 0.2451171875 0.02734375 0.017578125
0 0.3173828125 0.2763671875 0.021484375 0.021484375
0 0.294921875 0.3515625 0.03125 0.0234375
0 0.5234375 0.25 0.02734375 0.015625
0 0.328125 0.5556640625 0.02734375 0.029296875
0 0.271484375 0.5888671875 0.01953125 0.021484375
0 0.291015625 0.58984375 0.015625 0.01953125
0 0.33984375 0.6435546875 0.01953125 0.017578125
0 0.2822265625 0.6123046875 0.025390625 0.021484375
0 0.322265625 0.33984375 0.0234375 0.015625
0 0.5146484375 0.2724609375 0.025390625 0.021484375
0 0.595703125 0.3173828125 0.01953125 0.017578125
