1 0.51171875 0.2109375 0.03125 0.02734375
0 0.7158203125 0.2431640625 0.025390625 0.017578125
0 0.6015625 0.1953125 0.02734375 0.015625
0 0.642578125 0.2470703125 0.0234375 0.025390625
0 0.5537109375 0.2197265625 0.017578125 0.025390625
0 0.5751953125 0.2255859375 0.021484375 0.025390625
0 0.59765625 0.2353515625 0.01953125 0.017578125
0 0.490234375 0.44140625 0.02734375 0.01953125
0 0.4501953125 0.3359375 0.021484375 0.0234375
0 0.4111328125 0.3837890625 0.029296875 0.017578125
0 0.4638671875 0.3701171875 0.021484375 0.021484375
2 0.6162109375 0.580078125 0.017578125 0.01953125
0 0.5771484375 0.658203125 0.029296875 0.02734375
0 0.33984375 0.609375 0.02734375 0.01953125
0 0.359375 0.642578125 0.0234375 0.01953125
0 0.599609375 0.8154296875 0.02734375 0.021484375
0 0.5029296875 0.2666015625 0.017578125 0.013671875
0 0.6669921875 0.2685546875 0.025390625 0.025390625
