1 0.6408345752608048 0.6222980659840728 0.038748137108792845 0.02957906712172924
1 0.6736214605067065 0.5056882821387941 0.03576751117734724 0.03526734926052332
2 0.44411326378539495 0.5921501706484642 0.044709388971684055 0.03526734926052332
1 0.488822652757079 0.4032992036405006 0.044709388971684055 0.03754266211604096
2 0.44485842026825634 0.44937428896473264 0.040238450074515646 0.034129692832764506
2 0.6095380029806259 0.7155858930602957 0.03278688524590164 0.020477815699658702
0 0.5767511177347243 0.735494880546075 0.03576751117734724 0.02844141069397042
0 0.529806259314456 0.6996587030716723 0.028315946348733235 0.015927189988623434
2 0.6497764530551415 0.6547212741751991 0.041728763040238454 0.030716723549488054
0 0.5789865871833085 0.5335608646188851 0.07600596125186289 0.034129692832764506
0 0.834575260804769 0.47724687144482364 0.02384500745156483 0.01478953356086462
2 0.5551415797317437 0.6558589306029579 0.028315946348733235 0.02161547212741752
