2 0.6886363636363636 0.5795711060948081 0.04090909090909091 0.028216704288939052
0 0.5651515151515152 0.5524830699774267 0.03636363636363636 0.030474040632054177
2 0.553030303030303 0.7268623024830699 0.030303030303030304 0.03160270880361174
2 0.5909090909090909 0.7296839729119639 0.02727272727272727 0.0327313769751693
2 0.6310606060606061 0.7708803611738149 0.03484848484848485 0.033860045146726865
2 0.7507575757575757 0.7404063205417607 0.025757575757575757 0.02708803611738149
2 0.671969696969697 0.6890519187358917 0.03787878787878788 0.025959367945823927
2 0.5325757575757576 0.6817155756207675 0.031818181818181815 0.029345372460496615
2 0.5454545454545454 0.6162528216704289 0.048484848484848485 0.03160270880361174
0 0.5916666666666667 0.5124153498871332 0.02878787878787879 0.024830699774266364
