2 0.34814453125 0.26806640625 0.0263671875 0.0224609375
2 0.3095703125 0.6435546875 0.021484375 0.0234375
2 0.2724609375 0.6123046875 0.01953125 0.01953125
2 0.23388671875 0.66845703125 0.0146484375 0.0126953125
2 0.22607421875 0.70263671875 0.0205078125 0.0283203125
2 0.4560546875 0.67626953125 0.015625 0.0107421875
2 0.3984375 0.5908203125 0.017578125 0.015625
2 0.61181640625 0.615234375 0.0185546875 0.0234375
2 0.3330078125 0.3828125 0.015625 0.015625
2 0.41259765625 0.5390625 0.0205078125 0.01953125
2 0.5146484375 0.478515625 0.01953125 0.01953125
