0 0.283203125 0.33056640625 0.021484375 0.0166015625
0 0.296875 0.6474609375 0.025390625 0.0234375
0 0.24462890625 0.5869140625 0.0244140625 0.01953125
1 0.33251953125 0.7333984375 0.0244140625 0.017578125
0 0.27685546875 0.75732421875 0.0185546875 0.0146484375
0 0.32470703125 0.78564453125 0.0205078125 0.0283203125
1 0.3271484375 0.837890625 0.01953125 0.017578125
1 0.31201171875 0.814453125 0.0283203125 0.0234375
2 0.37353515625 0.81689453125 0.0185546875 0.0302734375
0 0.3857421875 0.8427734375 0.01171875 0.017578125
0 0.26513671875 0.83203125 0.0205078125 0.021484375
2 0.2578125 0.7412109375 0.01953125 0.013671875
2 0.216796875 0.755859375 0.021484375 0.029296875
0 0.24462890625 0.794921875 0.0166015625 0.013671875
2 0.43408203125 0.359375 0.0205078125 0.021484375
0 0.23095703125 0.49658203125 0.0205078125 0.0166015625
