1 0.77587890625 0.5517578125 0.0302734375 0.02734375
1 0.75 0.70654296875 0.029296875 0.0302734375
0 0.77001953125 0.64599609375 0.0244140625 0.0302734375
0 0.74560546875 0.74462890625 0.0244140625 0.0244140625
0 0.71044921875 0.77392578125 0.0302734375 0.0205078125
2 0.79931640625 0.6142578125 0.0380859375 0.037109375
2 0.830078125 0.7919921875 0.02734375 0.025390625
0 0.38134765625 0.60009765625 0.0205078125 0.0205078125
0 0.71875 0.5947265625 0.025390625 0.01953125
0 0.71533203125 0.65283203125 0.0263671875 0.0263671875
0 0.3896484375 0.857421875 0.02734375 0.0234375
