0 0.35107421875 0.28857421875 0.0498046875 0.0458984375
1 0.4931640625 0.427734375 0.03515625 0.033203125
0 0.388671875 0.3583984375 0.025390625 0.01953125
1 0.466796875 0.36767578125 0.025390625 0.0185546875
0 0.5869140625 0.3720703125 0.021484375 0.021484375
1 0.38330078125 0.63525390625 0.0244140625 0.0224609375
0 0.5283203125 0.68310546875 0.017578125 0.0185546875
0 0.4404296875 0.69091796875 0.02734375 0.0185546875
0 0.23388671875 0.5810546875 0.0224609375 0.013671875
0 0.251953125 0.74072265625 0.021484375 0.0205078125
0 0.24951171875 0.80615234375 0.0263671875 0.0302734375
0 0.541015625 0.3544921875 0.013671875 0.017578125
