1 0.4856175972927242 0.5911808669656203 0.02707275803722504 0.01943198804185351
1 0.5253807106598984 0.6816143497757847 0.032148900169204735 0.02092675635276532
1 0.4653130287648054 0.6905829596412556 0.030456852791878174 0.017937219730941704
0 0.5727580372250423 0.6397608370702541 0.021996615905245348 0.014947683109118086
0 0.5414551607445008 0.6203288490284006 0.023688663282571912 0.02391629297458894
0 0.3637901861252115 0.5724962630792227 0.030456852791878174 0.02391629297458894
2 0.3756345177664975 0.6449925261584455 0.047377326565143825 0.028400597907324365
2 0.45685279187817257 0.6315396113602392 0.0338409475465313 0.028400597907324365
0 0.4780033840947547 0.5635276532137519 0.018612521150592216 0.017937219730941704
2 0.34686971235194586 0.43572496263079225 0.023688663282571912 0.01943198804185351
2 0.7258883248730964 0.22720478325859492 0.030456852791878174 0.02092675635276532
0 0.5752961082910322 0.24738415545590434 0.02707275803722504 0.016442451420029897
0 0.6658206429780034 0.22720478325859492 0.028764805414551606 0.017937219730941704
2 0.7749576988155669 0.2249626307922272 0.02030456852791878 0.016442451420029897
2 0.38071065989847713 0.7847533632286996 0.023688663282571912 0.02092675635276532
2 0.5397631133671743 0.8609865470852018 0.023688663282571912 0.017937219730941704
0 0.6311336717428088 0.851270553064275 0.02707275803722504 0.016442451420029897
2 0.48392554991539766 0.8467862481315396 0.02707275803722504 0.016442451420029897
