0 0.36796875 0.49648300117233296 0.0328125 0.029308323563892145
0 0.59140625 0.5703399765533411 0.0296875 0.0246189917936694
0 0.55859375 0.5861664712778429 0.0359375 0.016412661195779603
2 0.82578125 0.22860492379835873 0.0328125 0.01875732708089097
0 0.66328125 0.4970691676436108 0.0328125 0.023446658851113716
0 0.68046875 0.4601406799531067 0.0359375 0.0246189917936694
0 0.61796875 0.5463071512309496 0.0578125 0.04689331770222743
2 0.509375 0.675263774912075 0.04375 0.03048065650644783
2 0.40234375 0.5668229777256741 0.0296875 0.01992966002344666
2 0.3796875 0.5328253223915592 0.03125 0.0246189917936694
2 0.44921875 0.5861664712778429 0.0328125 0.021101992966002344
2 0.53203125 0.5556858147713951 0.0546875 0.03048065650644783
2 0.48046875 0.5486518171160609 0.0328125 0.02579132473622509
0 0.59609375 0.6201641266119577 0.0453125 0.0492379835873388
