0 0.6717032967032966 0.38803418803418804 0.016483516483516484 0.023931623931623933
0 0.6648351648351648 0.3606837606837607 0.019230769230769232 0.023931623931623933
0 0.5817307692307693 0.5743589743589743 0.01510989010989011 0.017094017094017096
0 0.6353021978021978 0.7145299145299145 0.020604395604395604 0.020512820512820513
2 0.5233516483516484 0.5666666666666667 0.019230769230769232 0.022222222222222223
2 0.5096153846153846 0.48034188034188036 0.016483516483516484 0.023931623931623933
1 0.5618131868131868 0.394017094017094 0.019230769230769232 0.022222222222222223
1 0.5679945054945055 0.3418803418803419 0.03159340659340659 0.02735042735042735
1 0.5666208791208791 0.31367521367521367 0.020604395604395604 0.011965811965811967
0 0.5666208791208791 0.29743589743589743 0.0260989010989011 0.020512820512820513
0 0.49038461538461536 0.2905982905982906 0.019230769230769232 0.02735042735042735
