2 0.6633738601823708 0.5656108597285068 0.044072948328267476 0.024886877828054297
0 0.5767477203647416 0.6182126696832579 0.028875379939209727 0.023755656108597284
2 0.5797872340425532 0.6470588235294118 0.031914893617021274 0.020361990950226245
0 0.6170212765957447 0.47850678733031676 0.0364741641337386 0.020361990950226245
2 0.49848024316109424 0.5475113122171946 0.0486322188449848 0.03167420814479638
2 0.40197568389057753 0.5593891402714932 0.05623100303951368 0.02828054298642534
0 0.46200607902735563 0.6498868778280543 0.060790273556231005 0.026018099547511313
2 0.47416413373860183 0.6990950226244343 0.0668693009118541 0.049773755656108594
2 0.5319148936170213 0.6855203619909502 0.0364741641337386 0.042986425339366516
2 0.45440729483282677 0.6176470588235294 0.0425531914893617 0.020361990950226245
0 0.3518237082066869 0.832579185520362 0.025835866261398176 0.020361990950226245
2 0.5661094224924013 0.5831447963800905 0.05319148936170213 0.03733031674208145
2 0.479483282674772 0.5888009049773756 0.044072948328267476 0.03506787330316742
0 0.3525835866261398 0.75 0.02735562310030395 0.013574660633484163
2 0.2986322188449848 0.8438914027149321 0.022796352583586626 0.01809954751131222
