1 0.8805970149253731 0.28885135135135137 0.029850746268656716 0.02364864864864865
1 0.6850746268656717 0.4797297297297297 0.023880597014925373 0.02027027027027027
1 0.6395522388059701 0.481981981981982 0.03134328358208955 0.024774774774774775
1 0.6291044776119403 0.4583333333333333 0.04328358208955224 0.02252252252252252
1 0.6388059701492538 0.5422297297297297 0.029850746268656716 0.02364864864864865
1 0.6507462686567164 0.5095720720720721 0.029850746268656716 0.0259009009009009
1 0.5425373134328358 0.5557432432432432 0.025373134328358207 0.010135135135135136
0 0.5201492537313432 0.4994369369369369 0.04328358208955224 0.039414414414414414
1 0.6082089552238806 0.5337837837837838 0.03134328358208955 0.02702702702702703
2 0.46492537313432836 0.5157657657657657 0.034328358208955224 0.02252252252252252
0 0.4955223880597015 0.5495495495495496 0.026865671641791045 0.02252252252252252
2 0.5417910447761194 0.40033783783783783 0.03582089552238806 0.02364864864864865
0 0.5238805970149254 0.45045045045045046 0.023880597014925373 0.02027027027027027
0 0.5716417910447761 0.5292792792792793 0.029850746268656716 0.02252252252252252
2 0.5776119402985075 0.4650900900900901 0.029850746268656716 0.02027027027027027
0 0.5552238805970149 0.5681306306306306 0.026865671641791045 0.016891891891891893
2 0.591044776119403 0.49605855855855857 0.026865671641791045 0.019144144144144143
0 0.5477611940298508 0.6672297297297297 0.023880597014925373 0.021396396396396396
0 0.6149253731343284 0.6745495495495496 0.023880597014925373 0.015765765765765764
2 0.6126865671641791 0.6998873873873874 0.034328358208955224 0.019144144144144143
2 0.576865671641791 0.651463963963964 0.025373134328358207 0.016891891891891893
0 0.8656716417910447 0.42117117117117114 0.026865671641791045 0.015765765765765764
0 0.8753731343283582 0.40202702702702703 0.013432835820895522 0.01126126126126126
0 0.8029850746268656 0.4341216216216216 0.014925373134328358 0.01463963963963964
0 0.7880597014925373 0.2528153153153153 0.020895522388059702 0.012387387387387387
