2 0.40442338072669826 0.6904347826086956 0.018957345971563982 0.02434782608695652
2 0.5347551342812006 0.5521739130434783 0.017377567140600316 0.01565217391304348
0 0.6011058451816745 0.58 0.020537124802527645 0.02608695652173913
2 0.6161137440758294 0.5295652173913044 0.02527646129541864 0.02608695652173913
2 0.6240126382306477 0.47043478260869565 0.01579778830963665 0.019130434782608695
2 0.5410742496050553 0.5078260869565218 0.014218009478672985 0.017391304347826087
2 0.5789889415481833 0.5565217391304348 0.017377567140600316 0.02434782608695652
2 0.6058451816745656 0.5539130434782609 0.014218009478672985 0.019130434782608695
2 0.35624012638230645 0.6130434782608696 0.017377567140600316 0.01565217391304348
2 0.36808846761453395 0.5034782608695653 0.01579778830963665 0.01565217391304348
2 0.5347551342812006 0.3452173913043478 0.017377567140600316 0.019130434782608695
2 0.6303317535545023 0.39217391304347826 0.01579778830963665 0.019130434782608695
2 0.44786729857819907 0.3556521739130435 0.017377567140600316 0.01565217391304348
2 0.4320695102685624 0.38869565217391305 0.014218009478672985 0.019130434782608695
2 0.31911532385466035 0.5930434782608696 0.022116903633491312 0.020869565217391306
2 0.30252764612954186 0.5147826086956522 0.023696682464454975 0.017391304347826087
2 0.47235387045813587 0.5565217391304348 0.01579778830963665 0.01391304347826087
2 0.3712480252764613 0.5182608695652174 0.01579778830963665 0.01391304347826087
