2 0.2858024691358025 0.6925925925925925 0.028395061728395062 0.020370370370370372
0 0.19506172839506172 0.6731481481481482 0.03209876543209877 0.020370370370370372
2 0.4148148148148148 0.7310185185185185 0.0345679012345679 0.017592592592592594
2 0.35246913580246914 0.4111111111111111 0.03333333333333333 0.016666666666666666
2 0.8141975308641975 0.2587962962962963 0.025925925925925925 0.03611111111111111
2 0.8493827160493828 0.2828703703703704 0.024691358024691357 0.021296296296296296
2 0.8641975308641975 0.3263888888888889 0.02962962962962963 0.01574074074074074
2 0.8506172839506173 0.2175925925925926 0.04691358024691358 0.027777777777777776
2 0.7098765432098766 0.14212962962962963 0.08148148148148149 0.03611111111111111
2 0.8993827160493827 0.2689814814814815 0.043209876543209874 0.03425925925925926
