1 0.3201820940819423 0.8740053050397878 0.042488619119878605 0.026525198938992044
1 0.5811836115326252 0.7937665782493368 0.051593323216995446 0.03050397877984085
1 0.34749620637329287 0.503315649867374 0.03338391502276176 0.025198938992042442
1 0.6957511380880121 0.5795755968169761 0.0409711684370258 0.058355437665782495
1 0.5493171471927162 0.73342175066313 0.036418816388467376 0.029177718832891247
1 0.47420333839150225 0.6996021220159151 0.03186646433990895 0.027851458885941646
1 0.6752655538694993 0.7599469496021221 0.030349013657056147 0.026525198938992044
1 0.6267071320182094 0.71684350132626 0.042488619119878605 0.027851458885941646
2 0.417298937784522 0.7758620689655172 0.03945371775417299 0.034482758620689655
2 0.40288315629742033 0.7155172413793104 0.05007587253414264 0.038461538461538464
2 0.3141122913505311 0.6346153846153846 0.042488619119878605 0.033156498673740056
2 0.7488619119878603 0.4350132625994695 0.05614567526555387 0.050397877984084884
2 0.5402124430955993 0.035145888594164454 0.057663125948406675 0.046419098143236075
2 0.48406676783004554 0.0610079575596817 0.03945371775417299 0.026525198938992044
2 0.5720789074355084 0.13395225464190982 0.054628224582701064 0.029177718832891247
2 0.5166919575113809 0.8057029177718833 0.03186646433990895 0.03050397877984085
2 0.543247344461305 0.8541114058355438 0.042488619119878605 0.034482758620689655
2 0.38239757207890746 0.9217506631299734 0.03945371775417299 0.034482758620689655
0 0.5963581183611533 0.5238726790450928 0.027314112291350532 0.026525198938992044
2 0.3148710166919575 0.5046419098143236 0.03793626707132018 0.03050397877984085
2 0.7306525037936267 0.5842175066312998 0.03186646433990895 0.038461538461538464
1 0.5440060698027314 0.6949602122015915 0.05614567526555387 0.034482758620689655
