0 0.47604166666666664 0.34598214285714285 0.03958333333333333 0.017857142857142856
0 0.3932291666666667 0.5320870535714286 0.023958333333333335 0.008370535714285714
0 0.4125 0.564453125 0.025 0.01171875
0 0.38697916666666665 0.56640625 0.023958333333333335 0.012276785714285714
0 0.6552083333333333 0.5354352678571429 0.01875 0.01171875
0 0.4088541666666667 0.26534598214285715 0.028125 0.013950892857142858
2 0.4473958333333333 0.2650669642857143 0.03229166666666667 0.013392857142857142
0 0.3802083333333333 0.259765625 0.027083333333333334 0.01171875
0 0.27291666666666664 0.294921875 0.025 0.012834821428571428
0 0.30885416666666665 0.24888392857142858 0.026041666666666668 0.011160714285714286
2 0.4661458333333333 0.24525669642857142 0.015625 0.009486607142857142
0 0.55625 0.26255580357142855 0.020833333333333332 0.01171875
0 0.6177083333333333 0.27455357142857145 0.020833333333333332 0.012276785714285714
2 0.3458333333333333 0.24441964285714285 0.025 0.0078125
0 0.3703125 0.455078125 0.021875 0.009486607142857142
2 0.584375 0.5778459821428571 0.01875 0.009486607142857142
2 0.3828125 0.48744419642857145 0.017708333333333333 0.01171875
2 0.7526041666666666 0.4584263392857143 0.015625 0.01171875
