2 0.3477188655980271 0.31203703703703706 0.02466091245376079 0.016666666666666666
2 0.28668310727496915 0.23055555555555557 0.02836004932182491 0.014814814814814815
2 0.20283600493218248 0.1763888888888889 0.025893958076448828 0.021296296296296296
2 0.3958076448828607 0.31805555555555554 0.027127003699136867 0.01574074074074074
2 0.376078914919852 0.3458333333333333 0.02219482120838471 0.017592592592592594
2 0.312577065351418 0.3402777777777778 0.025893958076448828 0.013888888888888888
2 0.35388409371146734 0.17546296296296296 0.02219482120838471 0.017592592592592594
2 0.46670776818742293 0.47175925925925927 0.018495684340320593 0.012037037037037037
2 0.23859432799013564 0.4537037037037037 0.016029593094944512 0.011111111111111112
2 0.18618988902589395 0.27685185185185185 0.02466091245376079 0.014814814814814815
2 0.218249075215783 0.2101851851851852 0.01972872996300863 0.012962962962962963
2 0.4623921085080148 0.5449074074074074 0.01726263871763255 0.012037037037037037
2 0.23551171393341552 0.4875 0.01972872996300863 0.012037037037037037
