0 0.5419463087248322 0.6147816349384099 0.020134228187919462 0.015677491601343786
0 0.41191275167785235 0.4664053751399776 0.028523489932885907 0.0167973124300112
0 0.6493288590604027 0.5660694288913773 0.030201342281879196 0.02127659574468085
0 0.6191275167785235 0.4322508398656215 0.020134228187919462 0.011198208286674132
0 0.6233221476510067 0.4171332586786114 0.018456375838926176 0.012318029115341545
0 0.42197986577181207 0.4221724524076148 0.025167785234899327 0.011198208286674132
1 0.5570469798657718 0.24636058230683092 0.03691275167785235 0.020156774916013438
1 0.5268456375838926 0.2127659574468085 0.020134228187919462 0.013437849944008958
0 0.6828859060402684 0.23460246360582307 0.020134228187919462 0.012318029115341545
0 0.48573825503355705 0.2883538633818589 0.018456375838926176 0.014557670772676373
2 0.6426174496644296 0.425531914893617 0.016778523489932886 0.013437849944008958
2 0.6098993288590604 0.5867861142217246 0.015100671140939598 0.013437849944008958
2 0.4228187919463087 0.5767077267637178 0.026845637583892617 0.013437849944008958
