0 0.7687651331719129 0.518 0.04116222760290557 0.02
0 0.47336561743341404 0.584 0.03631961259079903 0.024
0 0.4092009685230024 0.582 0.0387409200968523 0.024
0 0.6828087167070218 0.584 0.03389830508474576 0.028
2 0.7009685230024213 0.658 0.04600484261501211 0.048
2 0.8184019370460048 0.614 0.029055690072639227 0.028
2 0.5750605326876513 0.62 0.04116222760290557 0.024
2 0.6476997578692494 0.572 0.026634382566585957 0.024
2 0.8038740920096852 0.479 0.03389830508474576 0.03
2 0.6973365617433414 0.559 0.03389830508474576 0.022
2 0.6840193704600485 0.515 0.031476997578692496 0.022
2 0.38256658595641646 0.191 0.0387409200968523 0.022
2 0.7893462469733656 0.704 0.024213075060532687 0.024
0 0.3813559322033898 0.845 0.026634382566585957 0.022
2 0.5217917675544794 0.632 0.026634382566585957 0.028
