0 0.5710116731517509 0.2538910505836576 0.029182879377431907 0.017509727626459144
1 0.6235408560311284 0.5583657587548638 0.017509727626459144 0.01556420233463035
0 0.6429961089494164 0.5982490272373541 0.013618677042801557 0.021400778210116732
0 0.36964980544747084 0.6118677042801557 0.01556420233463035 0.013618677042801557
0 0.35116731517509725 0.5544747081712063 0.017509727626459144 0.019455252918287938
0 0.3025291828793774 0.5126459143968871 0.021400778210116732 0.013618677042801557
0 0.3443579766536965 0.6284046692607004 0.019455252918287938 0.01556420233463035
0 0.301556420233463 0.6459143968871596 0.01556420233463035 0.023346303501945526
0 0.3317120622568093 0.5272373540856031 0.017509727626459144 0.01556420233463035
0 0.3832684824902724 0.546692607003891 0.011673151750972763 0.01556420233463035
0 0.5321011673151751 0.20038910505836577 0.029182879377431907 0.027237354085603113
