0 0.3296875 0.24501758499413834 0.0375 0.01875732708089097
2 0.5734375 0.41735052754982416 0.025 0.01875732708089097
2 0.5921875 0.44079718640093785 0.025 0.01875732708089097
2 0.6375 0.46131301289566234 0.028125 0.03634232121922626
2 0.546875 0.5 0.025 0.01992966002344666
2 0.50234375 0.47479484173505276 0.0296875 0.023446658851113716
2 0.53671875 0.5246189917936694 0.0390625 0.0246189917936694
2 0.49921875 0.5351699882766706 0.0359375 0.026963657678780773
0 0.38515625 0.4917936694021102 0.0265625 0.022274325908558032
2 0.578125 0.46658851113716293 0.04375 0.03048065650644783
0 0.5140625 0.1694021101992966 0.025 0.022274325908558032
0 0.346875 0.17291910902696367 0.025 0.017584994138335287
2 0.53984375 0.6354044548651817 0.0484375 0.03048065650644783
