1 0.3239299610894942 0.4406614785992218 0.029182879377431907 0.017509727626459144
2 0.7334630350194552 0.6245136186770428 0.027237354085603113 0.027237354085603113
2 0.7052529182879378 0.769455252918288 0.02529182879377432 0.017509727626459144
2 0.6712062256809338 0.806420233463035 0.023346303501945526 0.017509727626459144
2 0.622568093385214 0.18968871595330739 0.027237354085603113 0.021400778210116732
2 0.5885214007782101 0.17412451361867703 0.02529182879377432 0.029182879377431907
2 0.7120622568093385 0.2607003891050584 0.027237354085603113 0.023346303501945526
2 0.42023346303501946 0.18968871595330739 0.05058365758754864 0.021400778210116732
2 0.46206225680933855 0.20817120622568094 0.021400778210116732 0.019455252918287938
2 0.5505836575875487 0.39202334630350194 0.023346303501945526 0.017509727626459144
0 0.3346303501945525 0.5282101167315175 0.019455252918287938 0.021400778210116732
2 0.5963035019455253 0.32782101167315175 0.017509727626459144 0.021400778210116732
2 0.5758754863813229 0.3647859922178988 0.01556420233463035 0.033073929961089495
2 0.5233463035019456 0.33949416342412453 0.042801556420233464 0.021400778210116732
2 0.2811284046692607 0.6196498054474708 0.02529182879377432 0.021400778210116732
2 0.26459143968871596 0.7568093385214008 0.023346303501945526 0.023346303501945526
