0 0.4515810276679842 0.1716710182767624 0.041501976284584984 0.02741514360313316
0 0.308300395256917 0.06331592689295039 0.03162055335968379 0.0195822454308094
1 0.3952569169960474 0.4223237597911227 0.04743083003952569 0.03263707571801567
0 0.7569169960474308 0.44451697127937334 0.05138339920948617 0.030026109660574413
0 0.8181818181818182 0.564621409921671 0.03162055335968379 0.030026109660574413
0 0.4090909090909091 0.7734986945169713 0.05138339920948617 0.03263707571801567
0 0.6699604743083004 0.7695822454308094 0.03557312252964427 0.024804177545691905
0 0.17490118577075098 0.21409921671018275 0.03359683794466403 0.018276762402088774
0 0.7737154150197628 0.48237597911227154 0.029644268774703556 0.024804177545691905
0 0.8903162055335968 0.43342036553524804 0.03359683794466403 0.02349869451697128
2 0.782608695652174 0.533289817232376 0.03557312252964427 0.0195822454308094
0 0.691699604743083 0.1129242819843342 0.03162055335968379 0.022193211488250653
0 0.3814229249011858 0.6599216710182768 0.03557312252964427 0.022193211488250653
