1 0.2722222222222222 0.7375 0.042222222222222223 0.025
1 0.5505555555555556 0.7825 0.03 0.025
1 0.4066666666666667 0.6904166666666667 0.028888888888888888 0.019166666666666665
2 0.37833333333333335 0.66375 0.023333333333333334 0.020833333333333332
1 0.16277777777777777 0.7745833333333333 0.03 0.019166666666666665
0 0.43833333333333335 0.5958333333333333 0.05 0.035
1 0.375 0.5129166666666667 0.023333333333333334 0.0275
2 0.5172222222222222 0.4554166666666667 0.027777777777777776 0.0225
0 0.4588888888888889 0.51125 0.03333333333333333 0.020833333333333332
0 0.295 0.5929166666666666 0.025555555555555557 0.015833333333333335
0 0.2361111111111111 0.5704166666666667 0.027777777777777776 0.020833333333333332
0 0.1711111111111111 0.5879166666666666 0.02666666666666667 0.0175
2 0.5294444444444445 0.6241666666666666 0.023333333333333334 0.018333333333333333
1 0.18611111111111112 0.3625 0.021111111111111112 0.018333333333333333
2 0.37444444444444447 0.26458333333333334 0.02666666666666667 0.019166666666666665
2 0.21777777777777776 0.24791666666666667 0.028888888888888888 0.0175
2 0.205 0.20625 0.025555555555555557 0.014166666666666666
2 0.3972222222222222 0.52875 0.016666666666666666 0.015833333333333335
2 0.35444444444444445 0.5770833333333333 0.06444444444444444 0.05416666666666667
2 0.47944444444444445 0.5595833333333333 0.03 0.0275
2 0.41888888888888887 0.48125 0.03333333333333333 0.0275
2 0.25666666666666665 0.4766666666666667 0.022222222222222223 0.018333333333333333
0 0.27055555555555555 0.6558333333333334 0.025555555555555557 0.021666666666666667
0 0.5094444444444445 0.7495833333333334 0.023333333333333334 0.015833333333333335
0 0.34555555555555556 0.7354166666666667 0.03333333333333333 0.020833333333333332
2 0.5016666666666667 0.6716666666666666 0.025555555555555557 0.018333333333333333
2 0.4255555555555556 0.5220833333333333 0.02666666666666667 0.024166666666666666
