0 0.4828125 0.2116060961313013 0.040625 0.031652989449003514
2 0.584375 0.48417350527549824 0.053125 0.04220398593200469
2 0.62734375 0.5762016412661196 0.0515625 0.029308323563892145
0 0.58046875 0.597303634232122 0.0390625 0.029308323563892145
0 0.5390625 0.6008206330597889 0.0375 0.031652989449003514
0 0.44375 0.5650644783118406 0.05 0.032825322391559206
2 0.62734375 0.32063305978898005 0.0390625 0.029308323563892145
2 0.59453125 0.4413833528722157 0.0453125 0.029308323563892145
0 0.48671875 0.5697538100820633 0.0296875 0.03048065650644783
0 0.4375 0.4935521688159437 0.0375 0.01875732708089097
1 0.36796875 0.7989449003516998 0.0359375 0.01992966002344666
0 0.28046875 0.7942555685814772 0.0359375 0.01992966002344666
2 0.471875 0.7790152403282532 0.034375 0.029308323563892145
2 0.48359375 0.6289566236811255 0.0453125 0.026963657678780773
2 0.54453125 0.536928487690504 0.0421875 0.03985932004689332
2 0.534375 0.764947245017585 0.040625 0.017584994138335287
