1 0.5628930817610063 0.12024048096192384 0.04821802935010482 0.03206412825651302
0 0.429769392033543 0.18837675350701402 0.04612159329140461 0.028056112224448898
0 0.7295597484276729 0.36773547094188375 0.03773584905660377 0.03807615230460922
2 0.6886792452830188 0.45691382765531063 0.039832285115303984 0.02404809619238477
2 0.7484276729559748 0.5070140280561122 0.050314465408805034 0.06012024048096192
2 0.740041928721174 0.6052104208416834 0.033542976939203356 0.028056112224448898
0 0.5880503144654088 0.6933867735470942 0.0440251572327044 0.04008016032064128
0 0.11740041928721175 0.6933867735470942 0.041928721174004195 0.04008016032064128
0 0.4381551362683438 0.9478957915831663 0.04612159329140461 0.036072144288577156
2 0.6132075471698113 0.7985971943887775 0.04821802935010482 0.03006012024048096
2 0.6341719077568134 0.8797595190380761 0.03563941299790356 0.028056112224448898
2 0.6960167714884696 0.8226452905811623 0.033542976939203356 0.03006012024048096
2 0.5649895178197065 0.21442885771543085 0.03563941299790356 0.028056112224448898
2 0.6687631027253669 0.6022044088176353 0.033542976939203356 0.026052104208416832
2 0.7117400419287212 0.6943887775551102 0.039832285115303984 0.03406813627254509
2 0.6048218029350105 0.8326653306613226 0.0440251572327044 0.026052104208416832
