0 0.4953125 0.5685814771395076 0.03125 0.01875732708089097
2 0.5046875 0.5451348182883939 0.03125 0.023446658851113716
0 0.46875 0.5457209847596718 0.0375 0.022274325908558032
0 0.5109375 0.4906213364595545 0.025 0.012895662368112544
0 0.53515625 0.5949589683470106 0.0234375 0.017584994138335287
0 0.55390625 0.41735052754982416 0.0234375 0.011723329425556858
0 0.5671875 0.3634232121922626 0.028125 0.016412661195779603
0 0.65390625 0.13716295427901523 0.0265625 0.01406799531066823
0 0.6421875 0.18229777256740914 0.021875 0.01992966002344666
0 0.66328125 0.27256740914419697 0.0203125 0.017584994138335287
2 0.4984375 0.5211019929660023 0.01875 0.015240328253223915
