0 0.714 0.5592991913746631 0.03333333333333333 0.0215633423180593
0 0.7793333333333333 0.623989218328841 0.04133333333333333 0.02425876010781671
2 0.8146666666666667 0.610512129380054 0.024 0.018867924528301886
0 0.5553333333333333 0.7520215633423181 0.03866666666666667 0.0215633423180593
2 0.722 0.4380053908355795 0.030666666666666665 0.02425876010781671
2 0.8453333333333334 0.5673854447439353 0.024 0.026954177897574125
0 0.8613333333333333 0.25943396226415094 0.037333333333333336 0.022911051212938006
2 0.43933333333333335 0.41846361185983827 0.02266666666666667 0.01752021563342318
2 0.7366666666666667 0.6623989218328841 0.030666666666666665 0.01752021563342318
2 0.8046666666666666 0.4750673854447439 0.030666666666666665 0.02830188679245283
