1 0.446875 0.3649155722326454 0.02125 0.020637898686679174
0 0.53125 0.6013133208255159 0.025 0.028142589118198873
2 0.535625 0.575984990619137 0.02125 0.01876172607879925
0 0.541875 0.6369606003752345 0.01375 0.020637898686679174
0 0.395 0.5393996247654784 0.015 0.024390243902439025
0 0.35875 0.5562851782363978 0.0275 0.028142589118198873
2 0.384375 0.6210131332082551 0.01875 0.0225140712945591
2 0.320625 0.6801125703564728 0.01375 0.028142589118198873
2 0.526875 0.7157598499061913 0.01375 0.024390243902439025
2 0.523125 0.9061913696060038 0.02125 0.0225140712945591
