0 0.5 0.48346303501945526 0.023346303501945526 0.02529182879377432
2 0.6819066147859922 0.5710116731517509 0.021400778210116732 0.021400778210116732
2 0.3667315175097276 0.6215953307392996 0.021400778210116732 0.021400778210116732
2 0.4805447470817121 0.28599221789883267 0.019455252918287938 0.023346303501945526
0 0.6342412451361867 0.28599221789883267 0.03501945525291829 0.0311284046692607
2 0.5904669260700389 0.26653696498054474 0.029182879377431907 0.023346303501945526
0 0.5583657587548638 0.3093385214007782 0.023346303501945526 0.023346303501945526
0 0.6060311284046692 0.3229571984435798 0.02529182879377432 0.023346303501945526
0 0.4571984435797665 0.6060311284046692 0.027237354085603113 0.021400778210116732
0 0.38229571984435795 0.5476653696498055 0.02529182879377432 0.021400778210116732
2 0.36964980544747084 0.24027237354085604 0.027237354085603113 0.029182879377431907
2 0.5 0.28891050583657585 0.01556420233463035 0.021400778210116732
2 0.6682879377431906 0.6673151750972762 0.021400778210116732 0.0311284046692607
2 0.40175097276264593 0.2908560311284047 0.029182879377431907 0.017509727626459144
