0 0.3570261437908497 0.1690307328605201 0.027777777777777776 0.030732860520094562
0 0.6772875816993464 0.5425531914893617 0.017973856209150325 0.02127659574468085
2 0.6437908496732027 0.21040189125295508 0.0196078431372549 0.028368794326241134
2 0.6323529411764706 0.2470449172576832 0.0392156862745098 0.03546099290780142
2 0.39705882352941174 0.3061465721040189 0.029411764705882353 0.030732860520094562
2 0.4223856209150327 0.17966903073286053 0.021241830065359478 0.018912529550827423
2 0.39869281045751637 0.10047281323877069 0.02287581699346405 0.03546099290780142
2 0.4934640522875817 0.2624113475177305 0.026143790849673203 0.028368794326241134
2 0.5351307189542484 0.25886524822695034 0.027777777777777776 0.030732860520094562
2 0.4084967320261438 0.024822695035460994 0.029411764705882353 0.026004728132387706
2 0.6078431372549019 0.900709219858156 0.016339869281045753 0.02364066193853428
2 0.5236928104575164 0.9468085106382979 0.017973856209150325 0.02127659574468085
