0 0.45509499136442144 0.2704248366013072 0.022452504317789293 0.017973856209150325
0 0.48100172711571676 0.31862745098039214 0.022452504317789293 0.0196078431372549
0 0.4792746113989637 0.24836601307189543 0.022452504317789293 0.016339869281045753
0 0.33678756476683935 0.7295751633986928 0.02072538860103627 0.017973856209150325
0 0.39378238341968913 0.8366013071895425 0.013816925734024179 0.0196078431372549
1 0.5302245250431779 0.7949346405228758 0.02072538860103627 0.017973856209150325
0 0.6234887737478411 0.7736928104575164 0.017271157167530225 0.014705882352941176
0 0.575993091537133 0.5408496732026143 0.018998272884283247 0.016339869281045753
0 0.3911917098445596 0.5637254901960784 0.015544041450777202 0.013071895424836602
0 0.5397236614853195 0.2434640522875817 0.025906735751295335 0.0196078431372549
0 0.5716753022452504 0.24918300653594772 0.02072538860103627 0.017973856209150325
0 0.575993091537133 0.30637254901960786 0.015544041450777202 0.014705882352941176
0 0.6364421416234888 0.309640522875817 0.015544041450777202 0.021241830065359478
0 0.6295336787564767 0.3366013071895425 0.022452504317789293 0.016339869281045753
0 0.47063903281519864 0.8218954248366013 0.018998272884283247 0.016339869281045753
0 0.5552677029360967 0.8382352941176471 0.018998272884283247 0.016339869281045753
0 0.37132987910189985 0.7581699346405228 0.02072538860103627 0.02287581699346405
0 0.422279792746114 0.8341503267973857 0.02936096718480138 0.017973856209150325
0 0.5958549222797928 0.8112745098039216 0.031088082901554404 0.024509803921568627
0 0.5949913644214162 0.30718954248366015 0.022452504317789293 0.016339869281045753
0 0.3169257340241796 0.6952614379084967 0.018998272884283247 0.021241830065359478
0 0.581174438687392 0.6503267973856209 0.022452504317789293 0.016339869281045753
