2 0.47950819672131145 0.1526639344262295 0.028688524590163935 0.018442622950819672
2 0.6434426229508197 0.125 0.02459016393442623 0.020491803278688523
2 0.5471311475409836 0.12807377049180327 0.02459016393442623 0.018442622950819672
0 0.6362704918032787 0.8370901639344263 0.022540983606557378 0.018442622950819672
2 0.5461065573770492 0.9159836065573771 0.0389344262295082 0.020491803278688523
2 0.32479508196721313 0.701844262295082 0.022540983606557378 0.014344262295081968
2 0.5665983606557377 0.8616803278688525 0.030737704918032786 0.018442622950819672
2 0.5922131147540983 0.8504098360655737 0.01639344262295082 0.02459016393442623
2 0.38934426229508196 0.8411885245901639 0.01639344262295082 0.022540983606557378
2 0.4016393442622951 0.8831967213114754 0.02459016393442623 0.020491803278688523
2 0.5225409836065574 0.8965163934426229 0.020491803278688523 0.018442622950819672
2 0.5522540983606558 0.889344262295082 0.022540983606557378 0.02459016393442623
2 0.4334016393442623 0.26741803278688525 0.02663934426229508 0.022540983606557378
