1 0.31555555555555553 0.58125 0.03333333333333333 0.015833333333333335
1 0.6727777777777778 0.25458333333333333 0.027777777777777776 0.0175
1 0.6327777777777778 0.5991666666666666 0.027777777777777776 0.013333333333333334
2 0.3188888888888889 0.34 0.028888888888888888 0.02
2 0.2722222222222222 0.61125 0.035555555555555556 0.030833333333333334
2 0.6027777777777777 0.5383333333333333 0.027777777777777776 0.018333333333333333
2 0.66 0.6145833333333334 0.03111111111111111 0.0125
2 0.2866666666666667 0.1625 0.024444444444444446 0.018333333333333333
0 0.295 0.18416666666666667 0.021111111111111112 0.015
2 0.4033333333333333 0.14583333333333334 0.03777777777777778 0.018333333333333333
0 0.47888888888888886 0.13791666666666666 0.035555555555555556 0.015833333333333335
2 0.4633333333333333 0.35333333333333333 0.044444444444444446 0.03
2 0.36666666666666664 0.29875 0.03111111111111111 0.020833333333333332
2 0.39666666666666667 0.27625 0.028888888888888888 0.0175
2 0.48944444444444446 0.2525 0.03222222222222222 0.023333333333333334
0 0.7177777777777777 0.5533333333333333 0.03111111111111111 0.021666666666666667
2 0.5377777777777778 0.28 0.04 0.025
2 0.5977777777777777 0.265 0.044444444444444446 0.018333333333333333
2 0.5905555555555555 0.24208333333333334 0.05444444444444444 0.0275
2 0.635 0.1625 0.03666666666666667 0.03166666666666667
2 0.5177777777777778 0.15666666666666668 0.05333333333333334 0.023333333333333334
2 0.4622222222222222 0.46625 0.024444444444444446 0.020833333333333332
