2 0.6397941680960549 0.6852331606217616 0.03430531732418525 0.023316062176165803
2 0.36106346483704976 0.6955958549222798 0.015437392795883362 0.02072538860103627
2 0.3833619210977702 0.6923575129533679 0.015437392795883362 0.019430051813471502
0 0.45368782161234994 0.7286269430051814 0.022298456260720412 0.01683937823834197
2 0.37993138936535165 0.7182642487046632 0.018867924528301886 0.011658031088082901
2 0.5840480274442539 0.7085492227979274 0.015437392795883362 0.012953367875647668
2 0.3379073756432247 0.6489637305699482 0.0137221269296741 0.012953367875647668
2 0.6097770154373928 0.47020725388601037 0.032590051457975985 0.025906735751295335
2 0.38250428816466553 0.5349740932642487 0.017152658662092625 0.012953367875647668
2 0.3876500857632933 0.47150259067357514 0.017152658662092625 0.012953367875647668
2 0.4502572898799314 0.3873056994818653 0.022298456260720412 0.015544041450777202
1 0.4648370497427101 0.2927461139896373 0.03430531732418525 0.025906735751295335
2 0.4528301886792453 0.3626943005181347 0.02058319039451115 0.012953367875647668
0 0.4528301886792453 0.33031088082901555 0.02058319039451115 0.02072538860103627
0 0.42967409948542024 0.3283678756476684 0.015437392795883362 0.022020725388601035
2 0.5008576329331046 0.26295336787564766 0.017152658662092625 0.015544041450777202
2 0.6192109777015438 0.20725388601036268 0.02058319039451115 0.015544041450777202
2 0.5008576329331046 0.27979274611398963 0.017152658662092625 0.012953367875647668
2 0.5506003430531733 0.7104922279792746 0.0274442538593482 0.01683937823834197
2 0.548885077186964 0.7266839378238342 0.024013722126929673 0.012953367875647668
2 0.5205831903945112 0.7461139896373057 0.018867924528301886 0.015544041450777202
2 0.5343053173241853 0.6845854922279793 0.018867924528301886 0.011658031088082901
2 0.5969125214408233 0.6541450777202072 0.017152658662092625 0.015544041450777202
2 0.6912521440823327 0.6152849740932642 0.02058319039451115 0.015544041450777202
2 0.4159519725557461 0.697538860103627 0.03945111492281304 0.03238341968911917
