0 0.6001945525291829 0.42217898832684825 0.03696498054474708 0.0311284046692607
0 0.433852140077821 0.41342412451361865 0.027237354085603113 0.029182879377431907
0 0.39007782101167315 0.4173151750972763 0.033073929961089495 0.02529182879377432
0 0.3531128404669261 0.41926070038910507 0.029182879377431907 0.033073929961089495
0 0.6449416342412452 0.45525291828793774 0.033073929961089495 0.0311284046692607
0 0.2821011673151751 0.5291828793774319 0.027237354085603113 0.023346303501945526
0 0.48443579766536965 0.08949416342412451 0.023346303501945526 0.027237354085603113
0 0.4085603112840467 0.13813229571984437 0.0311284046692607 0.023346303501945526
0 0.546692607003891 0.12159533073929961 0.023346303501945526 0.021400778210116732
0 0.4591439688715953 0.10700389105058365 0.027237354085603113 0.0311284046692607
0 0.6624513618677043 0.5145914396887159 0.02529182879377432 0.02529182879377432
0 0.47373540856031127 0.1819066147859922 0.021400778210116732 0.029182879377431907
0 0.6488326848249028 0.8132295719844358 0.02529182879377432 0.027237354085603113
0 0.7003891050583657 0.42023346303501946 0.027237354085603113 0.027237354085603113
