1 0.5646718146718147 0.425 0.032818532818532815 0.03695652173913044
0 0.5260617760617761 0.6728260869565217 0.02895752895752896 0.02391304347826087
2 0.5357142857142857 0.625 0.02895752895752896 0.03695652173913044
2 0.5656370656370656 0.6728260869565217 0.02702702702702703 0.02391304347826087
0 0.6457528957528957 0.75 0.032818532818532815 0.030434782608695653
0 0.694015444015444 0.908695652173913 0.03667953667953668 0.034782608695652174
0 0.502895752895753 0.4945652173913043 0.02895752895752896 0.02391304347826087
2 0.5521235521235521 0.5054347826086957 0.04633204633204633 0.04565217391304348
2 0.4083011583011583 0.7619565217391304 0.03667953667953668 0.05
2 0.7924710424710425 0.29130434782608694 0.032818532818532815 0.05217391304347826
2 0.5617760617760618 0.46195652173913043 0.023166023166023165 0.02391304347826087
