0 0.61015625 0.5134818288393904 0.0421875 0.03048065650644783
0 0.58828125 0.6201641266119577 0.0296875 0.03048065650644783
2 0.65078125 0.6541617819460727 0.0328125 0.021101992966002344
2 0.66171875 0.6307151230949589 0.0234375 0.02579132473622509
2 0.71171875 0.6254396248534584 0.0359375 0.0246189917936694
0 0.73203125 0.7075029308323564 0.0328125 0.0246189917936694
0 0.72421875 0.779601406799531 0.0390625 0.023446658851113716
0 0.55859375 0.5492379835873388 0.0421875 0.031652989449003514
0 0.5171875 0.5644783118405627 0.028125 0.01992966002344666
0 0.496875 0.5293083235638921 0.034375 0.01992966002344666
2 0.515625 0.4384525205158265 0.028125 0.01875732708089097
2 0.709375 0.5984759671746777 0.04375 0.026963657678780773
2 0.6890625 0.6694021101992966 0.034375 0.021101992966002344
