0 0.31201044386422977 0.554 0.0391644908616188 0.024
0 0.2597911227154047 0.394 0.0391644908616188 0.02
0 0.13054830287206268 0.519 0.031331592689295036 0.034
0 0.2245430809399478 0.494 0.02610966057441253 0.032
2 0.2310704960835509 0.448 0.028720626631853787 0.016
2 0.195822454308094 0.409 0.03655352480417755 0.026
2 0.19451697127937337 0.369 0.0391644908616188 0.034
2 0.34073107049608353 0.163 0.0391644908616188 0.026
2 0.3785900783289817 0.128 0.031331592689295036 0.032
2 0.1514360313315927 0.614 0.031331592689295036 0.02
2 0.706266318537859 0.437 0.033942558746736295 0.022
0 0.9295039164490861 0.176 0.04177545691906005 0.032
2 0.2402088772845953 0.542 0.057441253263707574 0.024
2 0.1671018276762402 0.467 0.04177545691906005 0.03
