0 0.5885214007782101 0.25680933852140075 0.029182879377431907 0.019455252918287938
0 0.5758754863813229 0.14591439688715954 0.019455252918287938 0.01556420233463035
0 0.5865758754863813 0.05933852140077821 0.029182879377431907 0.017509727626459144
0 0.4027237354085603 0.13424124513618677 0.023346303501945526 0.023346303501945526
0 0.6663424124513618 0.23054474708171208 0.017509727626459144 0.013618677042801557
2 0.45038910505836577 0.21206225680933852 0.02529182879377432 0.03501945525291829
2 0.3550583657587549 0.11186770428015565 0.021400778210116732 0.021400778210116732
2 0.5457198443579766 0.24027237354085604 0.033073929961089495 0.021400778210116732
2 0.48151750972762647 0.07392996108949416 0.033073929961089495 0.023346303501945526
0 0.5680933852140078 0.10116731517509728 0.027237354085603113 0.027237354085603113
2 0.48540856031128404 0.9280155642023347 0.033073929961089495 0.0311284046692607
