0 0.4767030848329049 0.78125 0.02024421593830334 0.022569444444444444
2 0.21979434447300772 0.6710069444444444 0.028277634961439587 0.020833333333333332
2 0.13801413881748073 0.4657118055555556 0.02731362467866324 0.02980324074074074
2 0.530366323907455 0.6380208333333334 0.020886889460154243 0.014467592592592593
0 0.3833547557840617 0.7876157407407407 0.02377892030848329 0.020833333333333332
0 0.36134318766066836 0.8002025462962963 0.02217223650385604 0.015335648148148149
2 0.15263496143958868 0.7083333333333334 0.032133676092544985 0.028935185185185185
0 0.13962082262210798 0.9059606481481481 0.02410025706940874 0.024305555555555556
2 0.4084190231362468 0.7586805555555556 0.02634961439588689 0.020833333333333332
2 0.11841259640102827 0.6880787037037037 0.02410025706940874 0.019097222222222224
2 0.19023136246786632 0.7405960648148148 0.021208226221079693 0.015335648148148149
2 0.1720758354755784 0.7540509259259259 0.020886889460154243 0.019097222222222224
2 0.3848007712082262 0.7320601851851852 0.02924164524421594 0.028935185185185185
1 0.27892030848329047 0.2824074074074074 0.01992287917737789 0.017361111111111112
