1 0.6174485861182519 0.796875 0.02859897172236504 0.020833333333333332
1 0.4309125964010283 0.8606770833333334 0.01992287917737789 0.013599537037037037
0 0.5580012853470437 0.7796585648148148 0.02410025706940874 0.0234375
2 0.49775064267352187 0.7442129629629629 0.02313624678663239 0.02488425925925926
2 0.5893316195372751 0.7414641203703703 0.018637532133676093 0.019386574074074073
0 0.648939588688946 0.5313946759259259 0.02217223650385604 0.01070601851851852
0 0.7091902313624678 0.30367476851851855 0.02313624678663239 0.021122685185185185
0 0.4407133676092545 0.4269386574074074 0.030526992287917738 0.02980324074074074
0 0.5057840616966581 0.3738425925925926 0.02506426735218509 0.018518518518518517
0 0.6187339331619537 0.3509837962962963 0.02924164524421594 0.016203703703703703
2 0.5629820051413882 0.7206307870370371 0.02699228791773779 0.024016203703703703
0 0.5732647814910026 0.9576099537037037 0.02056555269922879 0.01765046296296296
2 0.6082904884318766 0.9816261574074074 0.032133676092544985 0.024016203703703703
