0 0.8377249357326478 0.62890625 0.04562982005141388 0.040219907407407406
0 0.6677377892030848 0.6072048611111112 0.02892030848329049 0.020543981481481483
0 0.6749678663239075 0.6626157407407407 0.040809768637532134 0.027199074074074073
0 0.6852506426735219 0.7663483796296297 0.027956298200514137 0.02806712962962963
0 0.6515102827763496 0.7582465277777778 0.03245501285347044 0.022858796296296297
2 0.756426735218509 0.6728877314814815 0.030205655526992288 0.024016203703703703
2 0.7273457583547558 0.7012442129629629 0.04209511568123393 0.030381944444444444
2 0.6298200514138818 0.8287037037037037 0.037275064267352186 0.022569444444444444
2 0.3272814910025707 0.2800925925925926 0.027956298200514137 0.028356481481481483
0 0.456780205655527 0.24479166666666666 0.02667095115681234 0.022569444444444444
