0 0.5651750972762646 0.41147859922178986 0.021400778210116732 0.02529182879377432
2 0.47568093385214005 0.4348249027237354 0.033073929961089495 0.021400778210116732
0 0.6138132295719845 0.4494163424124514 0.02529182879377432 0.027237354085603113
0 0.45136186770428016 0.882295719844358 0.038910505836575876 0.029182879377431907
2 0.39980544747081714 0.8599221789883269 0.03696498054474708 0.0311284046692607
2 0.46206225680933855 0.9241245136186771 0.033073929961089495 0.0311284046692607
2 0.6750972762645915 0.7587548638132295 0.019455252918287938 0.027237354085603113
0 0.7023346303501945 0.6507782101167315 0.038910505836575876 0.029182879377431907
0 0.30544747081712065 0.3959143968871595 0.027237354085603113 0.021400778210116732
2 0.580739299610895 0.8929961089494164 0.02529182879377432 0.027237354085603113
0 0.4474708171206226 0.6488326848249028 0.027237354085603113 0.021400778210116732
0 0.4153696498054475 0.7110894941634242 0.021400778210116732 0.02529182879377432
2 0.42217898832684825 0.9105058365758755 0.019455252918287938 0.023346303501945526
