0 0.41015625 0.24150058616647127 0.0328125 0.023446658851113716
2 0.37421875 0.5984759671746777 0.0234375 0.0246189917936694
2 0.5671875 0.6219226260257913 0.034375 0.0246189917936694
2 0.51640625 0.6348182883939039 0.0328125 0.022274325908558032
2 0.42421875 0.5838218053927315 0.0328125 0.023446658851113716
2 0.63671875 0.4917936694021102 0.0265625 0.017584994138335287
2 0.50546875 0.26436107854630714 0.0265625 0.017584994138335287
0 0.5234375 0.32180539273153574 0.021875 0.015240328253223915
2 0.6921875 0.4536928487690504 0.01875 0.016412661195779603
2 0.371875 0.1899179366940211 0.021875 0.01406799531066823
2 0.396875 0.1969519343493552 0.025 0.01875732708089097
