0 0.5428015564202334 0.38715953307393 0.023346303501945526 0.019455252918287938
0 0.5729571984435797 0.39980544747081714 0.033073929961089495 0.02529182879377432
0 0.6624513618677043 0.7091439688715954 0.029182879377431907 0.017509727626459144
0 0.42217898832684825 0.4182879377431907 0.019455252918287938 0.019455252918287938
0 0.39883268482490275 0.41926070038910507 0.03501945525291829 0.017509727626459144
0 0.20428015564202334 0.6789883268482491 0.027237354085603113 0.023346303501945526
2 0.2908560311284047 0.7062256809338522 0.029182879377431907 0.019455252918287938
0 0.5029182879377432 0.4396887159533074 0.02529182879377432 0.019455252918287938
2 0.3219844357976654 0.6984435797665369 0.021400778210116732 0.019455252918287938
0 0.44455252918287935 0.4406614785992218 0.02529182879377432 0.021400778210116732
