2 0.6233333333333333 0.18 0.05 0.029333333333333333
2 0.30916666666666665 0.6213333333333333 0.06833333333333333 0.050666666666666665
2 0.6783333333333333 0.5606666666666666 0.03 0.028
2 0.2425 0.6926666666666667 0.028333333333333332 0.02
2 0.3516666666666667 0.792 0.03333333333333333 0.029333333333333333
2 0.6633333333333333 0.822 0.03333333333333333 0.036
2 0.6291666666666667 0.8226666666666667 0.028333333333333332 0.024
2 0.44083333333333335 0.14266666666666666 0.035 0.024
2 0.135 0.35133333333333333 0.03333333333333333 0.030666666666666665
0 0.3825 0.852 0.03166666666666667 0.021333333333333333
2 0.6533333333333333 0.8573333333333333 0.04 0.02666666666666667
2 0.35583333333333333 0.8726666666666667 0.025 0.02
2 0.31916666666666665 0.26266666666666666 0.03166666666666667 0.024
