0 0.4177777777777778 0.36273783049172226 0.025185185185185185 0.012849023968371634
0 0.6172222222222222 0.42451198418581665 0.01814814814814815 0.008401284902396838
0 0.6133333333333333 0.48171485050654805 0.012592592592592593 0.005189028910303929
2 0.3907407407407407 0.38522362243637265 0.01037037037037037 0.007907091672844082
2 0.3877777777777778 0.4078329626884112 0.007407407407407408 0.004200642451198419
0 0.6472222222222223 0.43229552755127254 0.011481481481481481 0.006177415369409439
2 0.6464814814814814 0.4478626142821843 0.011481481481481481 0.006177415369409439
2 0.6255555555555555 0.4362490733876946 0.008888888888888889 0.005189028910303929
2 0.4103703703703704 0.43995552260934023 0.011851851851851851 0.006177415369409439
2 0.4164814814814815 0.4492216456634544 0.008518518518518519 0.006424511984185817
2 0.577962962962963 0.4965406473931307 0.01 0.0076599950580677045
2 0.40703703703703703 0.4080800593031875 0.00962962962962963 0.006671608598962194
2 0.37666666666666665 0.39819619471213247 0.008148148148148147 0.004200642451198419
2 0.6577777777777778 0.43241907585866074 0.00962962962962963 0.006424511984185817
2 0.6548148148148148 0.4157400543612553 0.012592592592592593 0.005683222139856684
