2 0.3093841642228739 0.4002932551319648 0.008797653958944282 0.01466275659824047
2 0.32453567937438904 0.2829912023460411 0.009775171065493646 0.01466275659824047
2 0.44281524926686217 0.23313782991202345 0.007820136852394917 0.008797653958944282
2 0.33528836754643204 0.44941348973607037 0.007820136852394917 0.010263929618768328
2 0.458455522971652 0.5835777126099707 0.007820136852394917 0.011730205278592375
2 0.35777126099706746 0.41715542521994137 0.005865102639296188 0.010263929618768328
2 0.36608015640273706 0.4662756598240469 0.006842619745845552 0.01466275659824047
0 0.3978494623655914 0.46480938416422285 0.009775171065493646 0.011730205278592375
2 0.32942326490713586 0.4772727272727273 0.011730205278592375 0.021994134897360705
2 0.34701857282502446 0.5601173020527859 0.009775171065493646 0.011730205278592375
2 0.38465298142717497 0.5087976539589443 0.010752688172043012 0.011730205278592375
2 0.36070381231671556 0.5095307917888563 0.007820136852394917 0.010263929618768328
0 0.5127077223851417 0.4186217008797654 0.008797653958944282 0.010263929618768328
2 0.39589442815249265 0.23533724340175954 0.005865102639296188 0.010263929618768328
2 0.4222873900293255 0.24413489736070382 0.007820136852394917 0.010263929618768328
