1 0.41837732160312807 0.4479472140762463 0.015640273704789834 0.01906158357771261
1 0.4418377321603128 0.6451612903225806 0.013685239491691105 0.017595307917888565
1 0.5131964809384164 0.6004398826979472 0.019550342130987292 0.01906158357771261
1 0.5043988269794721 0.5527859237536656 0.015640273704789834 0.02346041055718475
1 0.5434995112414467 0.48607038123167157 0.017595307917888565 0.024926686217008796
0 0.4887585532746823 0.4912023460410557 0.013685239491691105 0.020527859237536656
0 0.4975562072336266 0.5821114369501467 0.019550342130987292 0.017595307917888565
1 0.4736070381231672 0.6671554252199413 0.016617790811339198 0.020527859237536656
2 0.5557184750733137 0.5249266862170088 0.022482893450635387 0.026392961876832845
2 0.5640273704789834 0.4670087976539589 0.015640273704789834 0.024926686217008796
2 0.3548387096774194 0.5711143695014663 0.009775171065493646 0.021994134897360705
2 0.47409579667644186 0.22653958944281524 0.013685239491691105 0.021994134897360705
1 0.427663734115347 0.313049853372434 0.01466275659824047 0.016129032258064516
