0 0.7577821011673151 0.5272373540856031 0.021400778210116732 0.027237354085603113
2 0.32782101167315175 0.5885214007782101 0.021400778210116732 0.017509727626459144
2 0.6001945525291829 0.08463035019455253 0.02529182879377432 0.017509727626459144
2 0.33657587548638135 0.21498054474708173 0.011673151750972763 0.017509727626459144
2 0.30544747081712065 0.1828793774319066 0.01556420233463035 0.019455252918287938
2 0.29961089494163423 0.6517509727626459 0.023346303501945526 0.019455252918287938
2 0.29571984435797666 0.5953307392996109 0.023346303501945526 0.019455252918287938
2 0.7821011673151751 0.6994163424124513 0.011673151750972763 0.013618677042801557
2 0.7188715953307393 0.5155642023346303 0.021400778210116732 0.011673151750972763
2 0.2694552529182879 0.5749027237354085 0.017509727626459144 0.021400778210116732
2 0.7208171206225681 0.6488326848249028 0.013618677042801557 0.013618677042801557
2 0.6001945525291829 0.47470817120622566 0.017509727626459144 0.019455252918287938
0 0.4348249027237354 0.5525291828793775 0.013618677042801557 0.011673151750972763
