1 0.25680933852140075 0.7665369649805448 0.023346303501945526 0.019455252918287938
1 0.6400778210116731 0.7470817120622568 0.027237354085603113 0.027237354085603113
2 0.23054474708171208 0.6663424124513618 0.02529182879377432 0.021400778210116732
0 0.5894941634241245 0.9426070038910506 0.023346303501945526 0.017509727626459144
0 0.6167315175097277 0.9114785992217899 0.019455252918287938 0.021400778210116732
2 0.6682879377431906 0.6595330739299611 0.013618677042801557 0.03501945525291829
2 0.7441634241245136 0.3424124513618677 0.013618677042801557 0.019455252918287938
2 0.448443579766537 0.2178988326848249 0.02529182879377432 0.027237354085603113
2 0.7616731517509727 0.5408560311284046 0.017509727626459144 0.01556420233463035
0 0.10019455252918288 0.5846303501945526 0.017509727626459144 0.021400778210116732
0 0.10505836575875487 0.5476653696498055 0.01556420233463035 0.02529182879377432
2 0.7558365758754864 0.6507782101167315 0.021400778210116732 0.021400778210116732
2 0.26361867704280156 0.7402723735408561 0.021400778210116732 0.017509727626459144
