0 0.6828793774319066 0.4357976653696498 0.03501945525291829 0.0311284046692607
0 0.7247081712062257 0.5107003891050583 0.04474708171206226 0.04085603112840467
0 0.5749027237354085 0.4367704280155642 0.04085603112840467 0.04085603112840467
0 0.5758754863813229 0.5826848249027238 0.054474708171206226 0.03696498054474708
0 0.4698443579766537 0.04377431906614786 0.048638132295719845 0.033073929961089495
0 0.3667315175097276 0.057392996108949414 0.05252918287937743 0.03696498054474708
0 0.4270428015564202 0.08268482490272373 0.03696498054474708 0.029182879377431907
0 0.3550583657587549 0.18482490272373542 0.033073929961089495 0.0311284046692607
0 0.5204280155642024 0.27529182879377434 0.03696498054474708 0.029182879377431907
0 0.5476653696498055 0.14494163424124515 0.033073929961089495 0.033073929961089495
0 0.438715953307393 0.28696498054474706 0.029182879377431907 0.029182879377431907
0 0.4883268482490272 0.4367704280155642 0.027237354085603113 0.02529182879377432
