0 0.745136186770428 0.6381322957198443 0.01556420233463035 0.01556420233463035
2 0.7665369649805448 0.6712062256809338 0.01556420233463035 0.01556420233463035
2 0.77431906614786 0.688715953307393 0.01556420233463035 0.011673151750972763
2 0.6342412451361867 0.6916342412451362 0.01556420233463035 0.017509727626459144
0 0.5710116731517509 0.7782101167315175 0.017509727626459144 0.01556420233463035
2 0.688715953307393 0.6488326848249028 0.019455252918287938 0.017509727626459144
2 0.6964980544747081 0.683852140077821 0.011673151750972763 0.021400778210116732
2 0.6809338521400778 0.6342412451361867 0.027237354085603113 0.019455252918287938
0 0.6342412451361867 0.3093385214007782 0.019455252918287938 0.01556420233463035
0 0.4163424124513619 0.2529182879377432 0.023346303501945526 0.01556420233463035
0 0.5447470817120622 0.3326848249027237 0.019455252918287938 0.01556420233463035
0 0.4883268482490272 0.30544747081712065 0.01556420233463035 0.01556420233463035
0 0.49513618677042803 0.2733463035019455 0.013618677042801557 0.017509727626459144
0 0.3424124513618677 0.7101167315175098 0.01556420233463035 0.01556420233463035
0 0.5972762645914397 0.9815175097276264 0.01556420233463035 0.013618677042801557
