0 0.32976653696498054 0.14883268482490272 0.017509727626459144 0.017509727626459144
2 0.48638132295719844 0.21595330739299612 0.01556420233463035 0.01556420233463035
2 0.4678988326848249 0.14785992217898833 0.017509727626459144 0.01556420233463035
2 0.3122568093385214 0.23929961089494164 0.021400778210116732 0.023346303501945526
2 0.3142023346303502 0.21595330739299612 0.013618677042801557 0.01556420233463035
2 0.34824902723735407 0.19844357976653695 0.023346303501945526 0.01556420233463035
2 0.3433852140077821 0.17607003891050585 0.017509727626459144 0.013618677042801557
2 0.3657587548638132 0.3735408560311284 0.023346303501945526 0.019455252918287938
2 0.20525291828793774 0.41926070038910507 0.009727626459143969 0.013618677042801557
2 0.19066147859922178 0.43190661478599224 0.011673151750972763 0.011673151750972763
2 0.17412451361867703 0.4377431906614786 0.017509727626459144 0.01556420233463035
2 0.17801556420233464 0.40077821011673154 0.021400778210116732 0.01556420233463035
2 0.5398832684824902 0.4805447470817121 0.013618677042801557 0.011673151750972763
2 0.5544747081712063 0.4727626459143969 0.011673151750972763 0.01556420233463035
