2 0.5622568093385214 0.20525291828793774 0.019455252918287938 0.017509727626459144
2 0.5447470817120622 0.17898832684824903 0.023346303501945526 0.01556420233463035
0 0.5009727626459144 0.15272373540856032 0.017509727626459144 0.02529182879377432
2 0.47373540856031127 0.21108949416342412 0.03696498054474708 0.029182879377431907
2 0.31906614785992216 0.19747081712062256 0.042801556420233464 0.021400778210116732
2 0.6040856031128404 0.1293774319066148 0.02529182879377432 0.021400778210116732
2 0.46400778210116733 0.1857976653696498 0.021400778210116732 0.017509727626459144
2 0.7383268482490273 0.6167315175097277 0.029182879377431907 0.019455252918287938
0 0.5719844357976653 0.5223735408560312 0.01556420233463035 0.013618677042801557
2 0.7791828793774319 0.5865758754863813 0.017509727626459144 0.017509727626459144
